P1 FAIL P2 FAIL P1 OK P2 OK P3 FAIL P4 FAIL P5 FAIL P4 OK P3 OK P6 FAIL P7 FAIL P8 FAIL P9 FAIL P5 OK START END 
0 6 37 0 0 0 0 0 0 0 1 0 0 0 0 0
0 0 0 10 0 0 0 0 0 0 0 0 0 0 0 0
0 5 0 0 9 9 2 0 0 1 0 0 0 0 0 0
0 0 0 0 5 0 0 0 0 0 0 0 0 0 0 0
0 0 0 0 0 3 2 0 9 0 0 0 0 0 0 0
0 0 0 0 0 0 1 11 0 0 0 0 0 0 0 0
0 0 0 0 0 0 0 0 0 1 0 1 1 1 0 0
0 0 0 0 0 0 3 0 0 0 0 0 0 0 0 0
0 0 0 0 0 3 0 0 0 0 0 0 0 0 0 0
0 0 0 0 0 0 0 0 0 0 1 0 0 0 0 0
0 0 0 0 0 0 0 0 0 0 0 0 0 0 0 0
0 0 0 0 0 0 0 0 0 0 0 0 1 0 0 0
0 0 0 0 0 0 0 0 0 0 0 0 0 0 0 0
0 0 0 0 0 0 0 0 0 0 0 0 0 0 0 1
30 0 0 0 0 0 0 0 0 0 0 0 0 0 0 0
0 0 0 0 0 0 0 0 0 0 0 0 0 0 0 0
