P1 FAIL P2 FAIL P6 FAIL P5 FAIL P9 FAIL P7 FAIL P8 FAIL P3 FAIL P4 FAIL P1 OK P2 OK P4 OK P3 OK START END 
0 17 6 2 4 4 0 2 3 9 0 0 0 0 0
0 0 4 3 3 1 0 0 0 0 2 0 0 0 0
0 0 0 1 1 0 0 0 1 0 0 0 0 0 0
0 0 0 0 2 0 0 0 0 0 0 0 0 0 0
0 0 0 0 0 2 1 0 1 0 0 0 0 0 0
0 0 0 0 0 0 2 1 0 0 0 0 0 0 0
0 0 0 0 0 0 0 0 0 0 0 0 0 0 0
0 0 0 0 0 0 0 0 0 0 0 0 1 0 0
0 0 0 0 0 0 0 2 0 0 0 2 0 0 0
0 1 1 0 0 2 0 1 1 0 0 0 0 0 0
0 0 0 0 0 0 0 0 0 0 0 0 0 0 0
0 0 0 0 0 0 0 0 0 0 0 0 0 0 0
0 0 0 0 0 0 0 0 0 0 0 0 0 0 1
16 0 0 0 0 0 0 0 0 0 0 0 0 0 0
0 0 0 0 0 0 0 0 0 0 0 0 0 0 0
