P1 FAIL P2 FAIL P6 FAIL P5 FAIL P9 FAIL P7 FAIL P8 FAIL P3 FAIL P4 FAIL P1 OK P2 OK P4 OK P3 OK P6 OK P7 OK P9 OK START END 
0 18 6 2 3 3 1 3 4 20 0 0 0 0 0 0 0 0
0 0 4 3 3 1 0 1 1 0 8 0 0 0 0 0 0 0
0 0 0 1 1 0 0 0 1 0 0 0 0 2 0 0 0 0
0 0 0 0 2 0 0 0 0 0 0 0 0 0 0 0 0 0
0 0 0 0 0 2 1 0 1 0 0 0 0 0 0 2 0 0
0 0 0 0 0 0 2 1 0 0 0 0 0 0 1 0 0 0
0 0 0 0 0 0 0 0 0 0 0 0 0 0 0 0 0 0
0 0 0 0 0 0 0 0 0 0 0 0 1 0 0 0 0 0
0 0 0 0 0 0 0 2 0 0 0 2 0 0 0 0 0 0
0 3 2 0 0 3 0 1 1 0 0 0 0 0 0 0 0 0
0 0 2 0 1 0 0 0 0 0 0 0 0 0 0 0 0 1
0 0 0 0 0 0 0 0 0 0 0 0 0 0 0 0 0 0
0 0 0 0 0 0 0 0 0 0 0 0 0 0 0 0 0 0
0 0 0 0 0 0 0 0 0 0 0 0 0 0 0 0 0 0
0 0 0 0 0 0 0 0 0 0 0 0 0 0 0 0 0 0
0 0 0 0 0 0 0 0 0 0 0 0 0 0 0 0 0 0
1 0 0 0 0 0 0 0 0 0 0 0 0 0 0 0 0 0
0 0 0 0 0 0 0 0 0 0 0 0 0 0 0 0 0 0
