P1 FAIL P7 FAIL P1 OK P2 FAIL P2 OK P7 OK P4 FAIL P4 OK P5 FAIL P5 OK P6 FAIL P6 OK P9 FAIL P9 OK P8 FAIL P3 FAIL P8 OK START END 
0 3 26 7 0 0 2 0 0 0 5 0 3 0 1 0 0 0 0
0 0 0 2 0 1 0 0 0 0 0 0 0 0 0 0 0 0 0
0 0 0 6 0 0 1 0 1 0 2 0 2 0 0 0 0 0 1
0 0 0 0 6 0 3 0 0 0 1 0 0 0 0 1 0 0 0
0 0 0 0 0 0 1 0 2 0 1 0 0 0 0 0 0 0 0
0 0 0 0 0 0 1 0 0 0 0 0 0 0 0 0 0 0 0
0 0 0 0 0 0 0 3 1 0 0 0 0 0 1 0 0 0 0
0 0 0 0 0 0 0 0 0 0 0 0 0 0 0 0 0 0 0
0 0 0 0 0 0 0 0 0 3 0 0 0 0 0 0 0 0 0
0 0 0 0 0 0 0 0 0 0 0 0 0 0 0 0 0 0 0
0 0 0 0 0 0 0 0 0 0 0 3 1 0 0 0 0 0 0
0 0 0 0 0 0 0 0 0 0 0 0 0 0 0 0 0 0 0
0 0 0 0 0 0 0 0 0 0 0 0 0 1 0 0 0 0 0
0 0 0 0 0 0 0 0 0 0 0 0 0 0 0 0 0 0 0
0 0 0 0 0 0 0 0 0 0 0 0 0 0 0 1 1 0 0
0 0 0 0 0 0 0 0 0 0 0 0 1 0 0 0 0 0 0
0 0 0 0 0 0 0 0 0 0 0 0 0 0 0 0 0 0 0
1 0 0 0 0 0 0 0 0 0 0 0 0 0 0 0 0 0 0
0 0 0 0 0 0 0 0 0 0 0 0 0 0 0 0 0 0 0
