P1 FAIL P1 OK P2 FAIL P2 OK P3 FAIL P3 OK P4 FAIL P5 FAIL P5 OK P6 FAIL P7 FAIL P4 OK P7 OK P6 OK P9 FAIL P8 FAIL P8 OK P9 OK START END 
0 106 1 0 0 0 2 0 0 0 0 0 0 0 0 0 0 0 0 0
0 0 8 0 1 0 1 1 0 2 0 0 0 0 3 2 0 0 0 0
0 0 0 17 0 0 0 0 0 0 0 0 0 0 0 0 0 0 0 0
0 0 0 0 10 0 1 1 0 0 0 0 0 0 0 0 0 0 0 0
0 0 0 0 0 15 0 0 0 0 0 0 0 0 0 0 0 0 0 0
0 0 0 0 0 0 9 0 0 1 0 0 0 0 0 0 0 0 0 0
0 0 0 0 0 0 0 1 0 0 0 16 0 0 0 0 0 0 0 0
0 0 0 0 0 0 0 0 8 0 0 0 0 0 0 0 0 0 0 0
0 0 0 0 0 0 0 0 0 3 1 0 0 0 0 0 0 0 0 0
0 0 0 0 0 0 0 0 0 0 1 0 0 14 0 0 0 0 0 0
0 0 0 0 0 0 0 0 0 0 0 0 13 0 0 0 0 0 0 0
0 0 0 0 0 0 0 4 0 1 2 0 0 0 1 1 0 0 0 0
0 0 0 0 0 0 0 0 0 0 0 0 0 0 2 4 0 0 0 0
0 0 0 0 0 0 0 0 0 0 3 0 0 0 2 0 0 0 0 0
0 0 0 0 0 0 0 0 0 0 0 0 0 0 0 0 0 7 0 0
0 0 0 0 0 0 0 0 0 0 0 0 0 0 0 0 12 0 0 0
0 0 0 0 0 0 0 0 0 0 0 0 0 0 4 0 0 0 0 1
0 0 0 0 0 0 0 0 0 0 0 0 0 0 0 0 0 0 0 0
1 0 0 0 0 0 0 0 0 0 0 0 0 0 0 0 0 0 0 0
0 0 0 0 0 0 0 0 0 0 0 0 0 0 0 0 0 0 0 0
