P1 FAIL P2 FAIL P1 OK P3 FAIL P4 FAIL P5 FAIL P2 OK P3 OK P4 OK P5 OK P6 FAIL P7 FAIL P8 FAIL P6 OK START END 
0 2 60 0 0 0 0 0 0 0 0 0 0 0 0 0
0 0 0 2 0 0 16 0 0 0 0 0 0 0 0 0
0 17 0 1 0 0 0 0 0 0 1 0 0 0 0 0
0 0 0 0 2 0 0 6 0 0 0 0 0 0 0 0
0 0 0 0 0 2 0 0 3 0 0 0 0 0 0 0
0 0 0 0 0 0 0 0 0 3 0 0 0 0 0 0
0 0 0 6 1 0 0 0 0 0 0 0 0 0 0 0
0 0 0 0 5 0 0 0 0 0 0 0 0 0 0 0
0 0 0 0 0 3 0 0 0 0 0 0 0 0 0 0
0 0 0 0 0 0 0 0 0 0 1 0 0 0 0 0
0 0 0 0 0 0 0 0 0 0 0 1 0 1 0 0
0 0 0 0 0 0 0 0 0 0 0 0 1 0 0 0
0 0 0 0 0 0 0 0 0 0 0 0 0 0 0 0
0 0 0 0 0 0 0 0 0 0 0 0 0 0 0 1
1 0 0 0 0 0 0 0 0 0 0 0 0 0 0 0
0 0 0 0 0 0 0 0 0 0 0 0 0 0 0 0
