P1 FAIL P2 FAIL P3 FAIL P4 FAIL P5 FAIL P6 FAIL P7 FAIL P8 FAIL P9 FAIL P5 OK P8 OK P7 OK P4 OK P1 OK P9 OK P6 OK P2 OK P3 OK START END 
0 1 0 0 1 0 0 0 1 0 0 0 0 4 0 0 0 0 0 0
0 0 1 0 0 0 0 0 0 0 0 0 0 0 0 0 3 0 0 0
0 0 0 1 0 0 0 0 0 0 0 0 0 0 0 0 0 3 0 0
0 0 0 0 1 0 0 0 1 0 0 0 6 0 0 0 0 0 0 0
0 0 0 0 0 2 0 0 1 14 0 0 0 0 0 0 0 0 0 0
0 0 0 0 0 0 1 0 1 0 0 0 0 0 0 3 0 0 0 0
0 0 0 0 0 0 0 1 0 0 0 5 0 0 0 0 0 0 0 0
0 0 0 0 0 0 0 0 1 0 13 0 0 0 0 0 0 0 0 0
0 0 0 0 0 0 0 0 0 0 0 0 0 0 6 0 0 0 0 1
0 0 0 0 0 3 0 1 4 0 0 0 0 0 0 0 0 0 0 0
0 0 0 0 0 0 0 0 5 0 0 0 0 0 0 0 0 0 0 0
0 0 0 0 0 0 0 4 0 0 0 0 0 0 0 0 0 0 0 0
0 0 0 0 4 0 0 0 0 0 0 0 0 0 0 0 0 0 0 0
0 3 0 1 0 0 0 0 0 0 0 0 0 0 0 0 0 0 0 0
0 0 0 0 0 0 0 0 0 0 0 0 0 0 0 0 0 0 0 0
0 0 0 0 0 0 3 0 0 0 0 0 0 0 0 0 0 0 0 0
0 0 3 0 0 0 0 0 0 0 0 0 0 0 0 0 0 0 0 0
0 0 0 3 0 0 0 0 0 0 0 0 0 0 0 0 0 0 0 0
1 0 0 0 0 0 0 0 0 0 0 0 0 0 0 0 0 0 0 0
0 0 0 0 0 0 0 0 0 0 0 0 0 0 0 0 0 0 0 0
