P1 FAIL P1 OK P2 FAIL P3 FAIL P4 FAIL P5 FAIL P6 FAIL P7 FAIL P8 FAIL P9 FAIL P2 OK P3 OK P4 OK P5 OK P7 OK P6 OK START END 
0 122 18 0 0 4 1 0 0 0 0 0 0 0 0 0 0 0
0 0 12 1 0 0 0 1 0 0 0 0 0 0 0 0 0 0
0 0 0 10 0 0 1 0 0 0 3 0 0 0 0 0 0 0
0 0 0 0 4 0 0 0 0 0 0 1 0 0 0 0 0 0
0 0 0 0 0 2 2 0 0 0 0 0 1 0 0 0 0 0
0 0 0 0 0 0 2 0 0 0 0 0 0 2 0 0 0 0
0 0 0 0 0 0 0 1 0 0 0 0 0 0 0 1 0 0
0 0 0 0 0 0 0 0 1 0 0 0 0 0 1 0 0 0
0 0 0 0 0 0 0 0 0 1 0 0 0 0 0 0 0 0
0 0 0 0 0 0 0 0 0 0 0 0 0 0 0 0 0 0
0 0 0 1 0 0 0 0 0 0 0 0 0 0 0 0 0 0
0 0 0 0 1 0 0 0 0 0 0 0 0 0 0 0 0 0
0 0 0 0 0 1 0 0 0 0 0 0 0 0 0 0 0 0
0 0 0 0 0 0 2 0 0 0 0 0 0 0 0 0 0 0
0 0 0 0 0 0 0 0 1 0 0 0 0 0 0 0 0 0
0 0 0 0 0 0 0 0 0 0 0 0 0 0 0 0 0 1
109 0 0 0 0 0 0 0 0 0 0 0 0 0 0 0 0 0
0 0 0 0 0 0 0 0 0 0 0 0 0 0 0 0 0 0
