P1 FAIL P1 OK P2 FAIL P3 FAIL P3 OK P4 FAIL P5 FAIL P6 FAIL P7 FAIL P5 OK P8 FAIL P9 FAIL P2 OK START END 
0 32 0 0 0 0 0 0 0 0 0 0 0 0 0
0 0 4 4 0 0 1 0 0 0 0 0 0 0 0
0 0 0 3 0 1 0 0 0 0 0 0 1 0 0
0 0 0 0 6 1 0 0 0 0 0 0 0 0 0
0 0 0 0 0 1 3 0 0 0 0 0 0 0 0
0 0 0 0 0 0 4 0 0 0 0 0 0 0 0
0 0 0 0 0 0 0 1 0 6 0 0 0 0 0
0 0 0 0 0 0 0 0 3 0 0 0 0 0 0
0 0 0 0 0 0 0 0 0 0 1 0 0 0 0
0 0 0 0 0 0 0 2 0 0 0 0 0 0 0
0 0 0 0 0 0 0 0 0 0 0 1 0 0 0
0 0 0 0 0 0 0 0 0 0 0 0 0 0 0
0 0 0 0 0 0 0 0 0 0 0 0 0 0 1
1 0 0 0 0 0 0 0 0 0 0 0 0 0 0
0 0 0 0 0 0 0 0 0 0 0 0 0 0 0
