P1 FAIL P5 FAIL P8 FAIL P3 FAIL P9 FAIL P2 FAIL P1 OK P6 FAIL P6 OK P7 FAIL P7 OK P9 OK P4 FAIL P3 OK P2 OK P5 OK P8 OK P4 OK START END 
0 4 2 8 8 17 79 6 0 0 0 0 2 0 0 0 0 0 0 1
0 0 0 1 0 1 0 0 0 2 0 0 0 0 0 3 0 0 0 0
0 0 0 0 0 1 0 0 0 0 0 0 0 0 0 0 4 0 0 0
0 0 0 0 1 0 0 0 0 0 0 0 0 11 0 0 0 0 0 0
0 0 1 0 0 2 0 2 0 2 0 12 0 0 0 0 0 0 0 0
0 0 0 0 0 0 0 1 0 2 0 0 1 0 27 0 0 0 0 0
0 3 1 4 5 14 0 8 0 4 0 0 0 0 0 0 0 0 0 0
0 0 0 0 0 0 0 0 18 0 0 0 1 0 0 0 0 0 0 0
0 0 0 0 0 0 0 0 0 0 0 0 1 0 0 0 0 0 0 0
0 0 0 0 0 0 0 0 0 0 5 0 0 0 0 0 0 0 0 0
0 0 0 0 0 0 0 0 0 0 0 0 0 0 0 0 0 0 0 0
0 0 1 0 0 1 0 4 0 0 0 0 0 0 0 0 0 0 0 0
0 0 0 0 0 0 0 0 0 1 0 0 0 0 0 0 0 3 0 0
0 0 0 0 1 1 0 2 0 0 0 0 0 0 0 0 0 0 0 0
0 0 0 0 0 0 0 0 0 0 0 0 1 0 0 0 0 0 0 0
0 0 0 0 1 0 0 0 0 0 0 0 0 0 0 0 0 0 0 0
0 0 0 0 0 1 0 0 0 0 0 0 1 0 0 0 0 0 0 0
0 0 0 0 0 0 0 0 0 0 0 0 0 0 0 0 0 0 0 0
44 0 0 0 0 0 0 0 0 0 0 0 0 0 0 0 0 0 0 0
0 0 0 0 0 0 0 0 0 0 0 0 0 0 0 0 0 0 0 0
