P1 FAIL P1 OK P2 FAIL P3 FAIL P4 FAIL P3 OK P5 FAIL P6 FAIL P7 FAIL P8 FAIL P9 FAIL P5 OK P4 OK START END 
0 18 1 0 0 0 0 0 0 0 0 0 0 0 0
0 0 5 0 0 0 0 0 0 0 0 0 0 0 0
0 0 0 4 1 0 0 0 0 0 0 0 0 0 0
0 0 0 0 1 4 0 0 0 0 0 0 0 0 0
0 0 0 0 0 0 2 1 0 0 0 0 1 0 0
0 0 0 0 3 0 0 0 0 0 0 0 0 0 0
0 0 0 0 0 0 0 1 0 0 0 2 0 0 0
0 0 0 0 0 0 0 0 2 0 0 0 0 0 0
0 0 0 0 0 0 0 0 0 2 0 0 0 0 0
0 0 0 0 0 0 0 0 0 0 2 0 0 0 0
0 0 0 0 0 0 0 0 0 0 0 0 0 0 0
0 0 0 0 0 0 0 1 0 0 0 0 0 0 0
0 0 0 0 0 0 0 0 0 0 0 0 0 0 1
1 0 0 0 0 0 0 0 0 0 0 0 0 0 0
0 0 0 0 0 0 0 0 0 0 0 0 0 0 0
