P1 FAIL P1 OK P2 FAIL P3 FAIL P4 FAIL P5 FAIL P5 OK P6 FAIL P6 OK P7 FAIL P8 FAIL P9 FAIL P2 OK P3 OK P4 OK P7 OK P8 OK P9 OK START END 
0 173 4 1 0 1 0 1 0 0 2 2 0 0 0 0 0 0 0 0
0 0 29 3 2 4 0 4 0 3 1 7 0 0 0 0 0 0 0 0
0 0 0 18 0 0 0 0 0 0 1 1 37 0 0 0 0 0 0 0
0 0 0 0 9 1 0 0 0 0 1 0 0 26 0 0 0 0 0 0
0 0 0 0 0 8 0 0 0 2 1 1 0 0 16 0 0 0 0 0
0 0 0 0 0 0 30 2 0 0 0 0 0 0 0 0 0 0 0 0
0 0 0 0 0 0 0 16 0 1 0 0 0 0 0 0 0 0 0 0
0 0 0 0 0 0 0 0 20 5 0 0 0 0 0 0 0 0 0 0
0 0 0 0 0 0 0 0 0 14 1 0 0 0 0 0 0 0 0 0
0 0 0 0 0 0 0 0 0 0 4 1 0 0 0 25 0 0 0 0
0 0 0 0 0 0 0 0 0 0 0 3 0 0 0 0 14 0 0 0
0 0 0 0 0 0 0 0 0 0 0 0 0 0 0 0 0 1 0 2
0 0 0 17 0 1 0 0 0 0 1 2 0 0 0 0 0 0 0 0
0 0 0 0 15 0 0 1 0 1 0 0 0 0 0 0 0 0 0 0
0 0 0 0 0 12 0 0 0 0 1 0 0 0 0 0 0 0 0 0
0 0 0 0 0 0 0 0 0 0 10 3 0 0 0 0 0 0 0 0
0 0 0 0 0 0 0 0 0 0 0 9 0 0 0 0 0 0 0 0
0 0 0 0 0 0 0 0 0 0 0 0 0 0 0 0 0 0 0 1
3 0 0 0 0 0 0 0 0 0 0 0 0 0 0 0 0 0 0 0
0 0 0 0 0 0 0 0 0 0 0 0 0 0 0 0 0 0 0 0
