P1 FAIL P1 OK P2 FAIL P3 FAIL P4 FAIL P5 FAIL P5 OK P6 FAIL P6 OK P7 FAIL P8 FAIL P9 FAIL P2 OK P3 OK START END 
0 96 6 1 0 0 0 1 0 0 3 0 0 0 0 0
0 0 18 1 2 0 0 1 0 0 1 0 0 0 0 0
0 0 0 16 0 0 0 0 0 0 1 0 1 0 0 0
0 0 0 0 8 5 0 0 0 0 1 0 0 1 0 0
0 0 0 0 0 8 0 0 0 1 0 1 0 0 0 0
0 0 0 0 0 0 8 2 0 0 0 0 0 0 0 0
0 0 0 0 0 0 0 3 0 0 0 0 0 0 0 0
0 0 0 0 0 0 0 0 4 3 0 0 0 0 0 0
0 0 0 0 0 0 0 0 0 4 0 0 0 0 0 0
0 0 0 0 0 0 0 0 0 0 4 1 0 0 0 0
0 0 0 0 0 0 0 0 0 0 0 2 0 0 0 0
0 0 0 0 0 0 0 0 0 0 0 0 0 0 0 0
0 0 0 1 0 0 0 0 0 0 0 0 0 0 0 0
0 0 0 0 0 0 0 0 0 0 0 0 0 0 0 1
74 0 0 0 0 0 0 0 0 0 0 0 0 0 0 0
0 0 0 0 0 0 0 0 0 0 0 0 0 0 0 0
