P1 FAIL P2 FAIL P1 OK P3 FAIL P4 FAIL P5 FAIL P2 OK P3 OK P4 OK P5 OK P6 FAIL P7 FAIL P8 FAIL P6 OK P8 OK P9 FAIL P9 OK START END 
0 17 63 0 0 0 0 0 0 0 0 0 0 0 0 0 0 0 0
0 0 0 3 0 0 30 0 0 0 0 0 0 0 0 0 0 0 0
0 20 0 1 0 0 0 0 0 0 2 0 0 0 0 0 0 0 0
0 0 0 0 4 0 0 16 0 0 0 0 0 0 0 0 0 0 0
0 0 0 0 0 5 0 0 13 0 1 0 0 0 0 0 0 0 0
0 0 0 0 0 0 0 0 0 14 0 0 0 0 0 0 0 0 0
0 0 0 15 1 0 0 0 0 0 0 0 1 0 0 0 0 0 0
0 0 0 0 13 1 0 0 0 0 0 0 0 0 0 0 0 0 0
0 0 0 0 0 9 0 0 0 0 1 0 0 0 0 0 0 0 0
0 0 0 0 0 0 0 0 0 0 9 0 0 0 0 0 0 0 0
0 0 0 0 0 0 0 0 0 0 0 5 0 13 0 0 0 0 0
0 0 0 0 0 0 0 0 0 0 0 0 2 0 0 6 0 0 1
0 0 0 0 0 0 0 0 0 0 0 0 0 0 4 0 0 0 0
0 0 0 0 0 0 0 0 0 0 0 2 6 0 0 0 0 0 0
0 0 0 0 0 0 0 0 0 0 0 0 0 0 0 2 0 0 0
0 0 0 0 0 0 0 0 0 0 0 0 0 0 0 0 2 0 0
0 0 0 0 0 0 0 0 0 0 0 0 0 0 0 0 0 0 0
58 0 0 0 0 0 0 0 0 0 0 0 0 0 0 0 0 0 0
0 0 0 0 0 0 0 0 0 0 0 0 0 0 0 0 0 0 0
