P1 FAIL P2 FAIL P1 OK P2 OK P3 FAIL P4 FAIL P5 FAIL P4 OK P3 OK P6 FAIL P7 FAIL P8 FAIL P9 FAIL P5 OK P6 OK P7 OK START END 
0 3 46 0 1 0 0 0 0 0 1 0 0 0 0 0 0 0
0 0 0 16 1 1 0 0 0 0 0 0 0 0 0 0 0 0
0 11 0 0 1 1 3 0 0 2 0 0 0 0 0 0 0 0
0 0 0 0 10 1 0 0 0 0 0 0 0 0 0 0 0 0
0 0 0 0 0 9 6 0 11 0 1 0 0 0 0 0 0 0
0 0 0 0 0 0 2 20 0 0 1 0 0 0 0 0 0 0
0 0 0 0 0 0 0 0 0 2 0 1 1 16 0 0 0 0
0 0 0 0 0 0 7 0 0 0 1 0 0 0 0 0 0 0
0 0 0 0 0 4 0 0 0 0 0 0 0 0 0 0 0 0
0 0 0 0 0 0 0 0 0 0 6 0 0 0 1 0 0 0
0 0 0 0 0 0 0 0 0 0 0 3 0 0 0 1 0 0
0 0 0 0 0 0 0 0 0 0 0 0 3 0 0 0 0 0
0 0 0 0 0 0 0 0 0 0 0 0 0 0 0 0 0 0
0 0 0 0 0 0 0 0 0 7 0 0 0 0 0 0 0 0
0 0 0 0 0 0 0 0 0 0 1 0 0 0 0 0 0 0
0 0 0 0 0 0 0 0 0 0 0 0 0 0 0 0 0 1
1 0 0 0 0 0 0 0 0 0 0 0 0 0 0 0 0 0
0 0 0 0 0 0 0 0 0 0 0 0 0 0 0 0 0 0
