P1 FAIL P1 OK P2 FAIL P3 FAIL P3 OK P4 FAIL P5 FAIL P4 OK P5 OK P6 FAIL P7 FAIL P7 OK P8 FAIL P9 FAIL P2 OK P6 OK P8 OK P9 OK START END 
0 45 2 3 0 3 0 0 0 2 0 0 1 1 0 0 0 0 0 0
0 0 12 2 0 2 0 0 0 1 2 0 2 0 0 0 0 0 0 0
0 0 0 4 0 1 1 0 0 2 0 0 0 0 16 0 0 0 0 0
0 0 0 0 17 1 0 0 0 1 1 0 0 0 0 0 0 0 0 0
0 0 0 0 0 13 0 0 0 1 1 0 0 0 0 0 0 0 0 0
0 0 0 0 0 0 1 16 0 0 0 0 0 0 0 0 0 0 0 0
0 0 0 0 0 0 0 0 14 2 1 0 0 0 0 0 0 0 0 0
0 0 0 0 0 0 10 0 0 0 0 0 0 0 0 0 0 0 0 0
0 0 0 0 0 0 0 0 0 11 1 0 0 0 0 0 0 0 0 0
0 0 0 0 0 0 0 0 0 0 5 0 0 2 0 10 0 0 0 0
0 0 0 0 0 0 0 0 0 0 0 15 1 0 0 0 0 0 0 0
0 0 0 0 0 0 0 0 0 0 0 0 8 1 0 0 0 0 0 0
0 0 0 0 0 0 0 0 0 0 0 0 0 3 0 0 13 0 0 0
0 0 0 0 0 0 0 0 0 0 0 0 0 0 0 0 0 1 0 0
0 0 0 10 0 0 3 0 0 1 0 0 1 1 0 0 0 0 0 0
0 0 0 0 0 0 0 0 0 0 4 0 1 0 0 0 0 0 0 0
0 0 0 0 0 0 0 0 0 0 0 0 0 6 0 0 0 0 0 0
0 0 0 0 0 0 0 0 0 0 0 0 0 0 0 0 0 0 0 1
1 0 0 0 0 0 0 0 0 0 0 0 0 0 0 0 0 0 0 0
0 0 0 0 0 0 0 0 0 0 0 0 0 0 0 0 0 0 0 0
