P1 FAIL P4 FAIL P2 FAIL P9 FAIL P7 FAIL P1 OK P2 OK P7 OK P6 FAIL P3 FAIL P6 OK P5 FAIL P5 OK P8 FAIL P9 OK P8 OK START END 
0 4 12 5 3 33 0 0 0 1 0 0 0 2 0 0 0 0
0 0 1 0 0 0 0 0 0 0 0 1 0 0 0 0 0 0
0 0 0 0 2 0 5 0 1 0 0 0 0 0 0 0 0 0
0 0 0 0 1 0 0 0 1 0 0 0 0 0 2 0 0 0
0 0 0 0 0 0 0 4 0 0 0 0 0 0 0 0 0 0
0 1 2 1 2 0 0 0 2 1 0 1 0 0 0 0 0 0
0 0 0 0 0 0 0 0 0 0 0 0 0 0 0 0 0 0
0 0 0 0 0 0 0 0 1 0 0 0 0 0 0 0 0 0
0 0 0 0 0 0 0 0 0 0 2 0 0 1 0 0 0 0
0 0 1 0 0 0 0 0 0 0 0 0 0 0 0 0 0 0
0 0 0 0 0 0 0 0 0 0 0 0 0 0 0 0 0 0
0 0 0 0 0 0 0 0 1 0 0 0 1 0 0 0 0 0
0 0 0 0 0 0 0 0 0 0 0 0 0 0 0 0 0 0
0 0 0 0 0 0 0 0 0 0 0 0 0 0 0 1 0 0
0 0 0 0 0 0 0 0 0 0 0 1 0 0 0 0 0 0
0 0 0 0 0 0 0 0 0 0 0 0 0 0 0 0 0 1
27 0 0 0 0 0 0 0 0 0 0 0 0 0 0 0 0 0
0 0 0 0 0 0 0 0 0 0 0 0 0 0 0 0 0 0
