P1 FAIL P1 OK P2 FAIL P2 OK P3 FAIL P3 OK P4 FAIL P5 FAIL P5 OK P4 OK P6 FAIL P6 OK P7 FAIL P7 OK P8 FAIL P8 OK P9 FAIL P9 OK START END 
0 37 13 0 0 0 0 0 0 0 0 0 0 0 0 0 0 0 0 0
0 0 6 0 0 0 0 0 0 0 0 0 0 0 0 0 0 0 0 1
0 0 0 21 14 0 0 0 0 0 0 0 0 0 0 0 0 0 0 0
0 0 0 0 8 0 5 0 0 0 0 0 0 0 8 0 0 0 0 0
0 0 0 0 0 23 0 0 0 0 0 0 0 0 1 0 0 0 0 0
0 0 0 0 0 0 6 1 0 0 0 0 0 0 0 0 0 0 0 0
0 0 0 0 0 0 0 3 0 12 0 0 0 0 1 0 0 0 0 0
0 0 0 0 0 0 0 0 8 0 9 0 0 0 1 0 0 0 0 0
0 0 0 0 0 0 0 0 0 0 4 0 6 0 0 0 0 0 0 0
0 0 0 0 0 0 0 4 0 0 3 0 0 0 1 0 0 0 0 0
0 0 0 0 0 0 0 0 0 0 0 13 8 0 1 0 0 0 0 0
0 0 0 0 0 0 0 0 0 0 0 0 4 0 0 0 0 0 0 0
0 0 0 0 0 0 0 0 0 0 0 0 0 16 5 0 0 0 0 0
0 0 0 0 0 0 0 0 0 0 0 0 0 0 4 1 0 0 0 0
0 0 0 0 0 0 0 0 0 0 0 0 0 0 0 14 1 0 0 0
0 0 0 0 0 0 0 0 0 0 0 0 0 0 0 0 0 0 0 0
0 0 0 0 0 0 0 0 0 0 0 0 0 0 0 0 0 1 0 0
0 0 0 0 0 0 0 0 0 0 0 0 0 0 0 0 0 0 0 0
32 0 0 0 0 0 0 0 0 0 0 0 0 0 0 0 0 0 0 0
0 0 0 0 0 0 0 0 0 0 0 0 0 0 0 0 0 0 0 0
