P1 FAIL P1 OK P2 FAIL P2 OK P3 FAIL P3 OK P4 FAIL P4 OK P5 FAIL P5 OK P6 FAIL P6 OK P8 FAIL P7 FAIL P9 FAIL P8 OK P7 OK START END 
0 20 10 0 0 0 0 0 0 0 0 0 0 0 0 0 0 0 0
0 0 1 0 0 0 0 0 0 0 0 0 0 0 0 0 0 0 0
0 0 0 10 10 0 2 0 0 0 0 0 18 0 0 0 0 0 0
0 0 0 0 2 0 1 0 0 0 0 0 0 0 0 0 0 0 0
0 0 0 0 0 4 6 0 5 0 3 0 1 7 0 0 0 0 0
0 0 0 0 0 0 1 0 0 0 2 0 0 0 0 0 0 0 0
0 0 0 0 0 0 0 6 4 0 1 0 0 0 1 0 0 0 0
0 0 0 0 0 0 0 0 3 0 1 0 0 1 0 0 0 0 0
0 0 0 0 0 0 0 0 0 13 0 0 0 0 0 0 0 0 0
0 0 0 0 0 0 0 0 0 0 7 0 0 1 0 0 0 0 0
0 0 0 0 0 0 0 0 0 0 0 3 1 6 0 0 0 0 0
0 0 0 0 0 0 0 0 0 0 0 0 0 0 0 0 0 0 0
0 0 0 0 0 0 0 0 0 0 0 0 0 7 2 7 1 0 0
0 0 0 0 0 0 0 0 0 0 0 0 0 0 2 2 5 0 0
0 0 0 0 0 0 0 0 0 0 0 0 0 0 0 0 0 0 0
0 0 0 0 0 0 0 0 0 0 0 0 0 0 1 0 0 0 0
0 0 0 0 0 0 0 0 0 0 0 0 0 0 0 0 0 0 1
20 0 0 0 0 0 0 0 0 0 0 0 0 0 0 0 0 0 0
0 0 0 0 0 0 0 0 0 0 0 0 0 0 0 0 0 0 0
