P1 FAIL P1 OK P2 FAIL P2 OK P3 FAIL P3 OK P5 FAIL P5 OK P6 FAIL P6 OK P7 FAIL P7 OK P8 FAIL P8 OK START END 
0 140 0 0 0 0 0 0 0 0 0 0 0 0 0 0
0 0 3 0 0 0 7 0 0 0 0 0 0 0 0 0
0 0 0 2 3 0 0 0 0 0 0 0 0 0 0 0
0 0 0 0 0 0 0 0 0 0 0 0 0 0 0 0
0 0 0 0 0 2 1 0 0 0 0 0 0 0 0 0
0 0 0 0 0 0 0 0 0 0 0 0 0 0 0 0
0 0 0 0 0 0 0 7 21 0 0 0 0 0 0 0
0 0 0 0 0 0 0 0 1 0 0 0 0 0 0 0
0 0 0 0 0 0 0 0 0 23 0 0 0 0 0 0
0 0 0 0 0 0 0 0 0 0 11 0 0 0 0 0
0 0 0 0 0 0 0 0 0 0 0 11 0 0 0 0
0 0 0 0 0 0 0 0 0 0 0 0 1 0 0 0
0 0 0 0 0 0 0 0 0 0 0 0 0 1 0 0
0 0 0 0 0 0 0 0 0 0 0 0 0 0 0 1
139 0 0 0 0 0 0 0 0 0 0 0 0 0 0 0
0 0 0 0 0 0 0 0 0 0 0 0 0 0 0 0
