P1 FAIL P1 OK P2 FAIL P2 OK P3 FAIL P3 OK P5 FAIL P5 OK P4 FAIL P4 OK P6 FAIL P6 OK P7 FAIL P7 OK P8 FAIL P8 OK START END 
0 182 0 0 0 0 0 0 0 0 0 0 0 0 0 0 0 0
0 0 5 0 0 0 0 0 0 0 0 0 0 0 0 0 0 0
0 0 0 46 2 0 0 0 1 0 0 0 0 0 0 0 0 0
0 0 0 0 3 0 0 0 0 0 0 0 0 0 0 0 0 0
0 0 0 0 0 71 0 0 0 0 0 0 1 0 0 0 0 0
0 0 0 0 0 0 1 0 2 0 0 0 0 0 0 0 0 0
0 0 0 0 0 0 0 48 1 0 0 0 0 0 0 0 0 0
0 0 0 0 0 0 0 0 1 0 4 0 0 0 0 0 0 0
0 0 0 0 0 0 0 0 0 10 1 0 0 0 0 0 0 0
0 0 0 0 0 0 0 0 0 0 0 0 0 0 0 0 0 0
0 0 0 0 0 0 0 0 0 0 0 47 1 0 0 0 0 0
0 0 0 0 0 0 0 0 0 0 0 0 2 0 1 0 0 0
0 0 0 0 0 0 0 0 0 0 0 0 0 21 0 0 0 0
0 0 0 0 0 0 0 0 0 0 0 0 0 0 0 0 0 0
0 0 0 0 0 0 0 0 0 0 0 0 0 0 0 1 0 0
0 0 0 0 0 0 0 0 0 0 0 0 0 0 0 0 0 1
1 0 0 0 0 0 0 0 0 0 0 0 0 0 0 0 0 0
0 0 0 0 0 0 0 0 0 0 0 0 0 0 0 0 0 0
