P1 FAIL P1 OK P2 FAIL P2 OK P3 FAIL P3 OK P5 FAIL P5 OK P4 FAIL P4 OK P6 FAIL P6 OK P7 FAIL P7 OK START END 
0 182 0 0 0 0 0 0 0 0 0 0 0 0 0 0
0 0 45 0 0 0 0 0 0 0 0 0 0 0 0 0
0 0 0 46 65 0 0 0 7 0 0 0 0 0 0 0
0 0 0 0 3 0 0 0 0 0 0 0 0 0 0 0
0 0 0 0 0 66 0 0 0 0 0 0 0 0 0 0
0 0 0 0 0 0 41 0 2 0 0 0 0 0 0 0
0 0 0 0 0 0 0 47 0 0 0 0 0 0 0 0
0 0 0 0 0 0 0 0 1 0 7 0 0 0 0 0
0 0 0 0 0 0 0 0 0 10 0 0 0 0 0 0
0 0 0 0 0 0 0 0 0 0 0 0 0 0 0 0
0 0 0 0 0 0 0 0 0 0 0 7 0 0 0 0
0 0 0 0 0 0 0 0 0 0 0 0 1 0 0 0
0 0 0 0 0 0 0 0 0 0 0 0 0 1 0 0
0 0 0 0 0 0 0 0 0 0 0 0 0 0 0 1
178 0 0 0 0 0 0 0 0 0 0 0 0 0 0 0
0 0 0 0 0 0 0 0 0 0 0 0 0 0 0 0
