P1 FAIL P1 OK P2 FAIL P2 OK P3 FAIL P3 OK P4 FAIL P4 OK P5 FAIL P6 FAIL P6 OK P7 FAIL P7 OK P9 FAIL P8 FAIL P8 OK P9 OK P5 OK START END 
0 53 2 0 0 0 0 0 0 0 0 0 0 0 0 0 0 0 0 0
0 0 0 0 0 0 0 0 0 0 0 0 0 0 0 0 0 0 0 0
0 0 0 6 5 0 0 0 0 0 0 0 0 0 11 0 0 0 0 0
0 0 0 0 4 0 0 0 0 0 0 16 0 0 0 0 0 0 0 0
0 0 0 0 0 8 5 0 0 0 0 0 0 0 0 0 0 0 0 0
0 0 0 0 0 0 3 0 0 0 0 0 0 0 0 0 0 0 0 0
0 0 0 0 0 0 0 8 1 0 0 0 0 0 0 0 0 0 0 0
0 0 0 0 0 0 0 0 3 4 0 0 0 0 0 0 0 0 0 0
0 0 0 0 0 0 0 0 0 0 0 0 0 0 0 0 0 4 0 0
0 0 0 0 0 0 0 0 0 0 7 6 0 0 0 0 0 0 0 0
0 0 0 0 0 0 0 0 0 0 0 3 0 0 0 0 0 0 0 0
0 0 0 0 0 0 0 0 0 0 0 0 28 6 9 0 0 0 0 0
0 0 0 0 0 0 0 0 0 0 0 0 0 0 4 2 1 0 0 1
0 0 0 0 0 0 0 0 0 0 0 0 0 0 1 0 2 0 0 0
0 0 0 0 0 0 0 0 0 0 0 0 0 0 0 16 0 0 0 0
0 0 0 0 0 0 0 0 0 0 0 0 0 1 0 0 1 0 0 0
0 0 0 0 0 0 0 0 0 0 0 0 0 0 0 0 0 0 0 0
0 0 0 0 0 0 0 0 0 3 0 0 0 0 0 0 0 0 0 0
54 0 0 0 0 0 0 0 0 0 0 0 0 0 0 0 0 0 0 0
0 0 0 0 0 0 0 0 0 0 0 0 0 0 0 0 0 0 0 0
