P1 FAIL P1 OK P2 FAIL P2 OK P3 FAIL P3 OK P4 FAIL P4 OK P5 FAIL P6 FAIL P6 OK P5 OK P7 FAIL P8 FAIL P8 OK P7 OK P9 FAIL P9 OK START END 
0 37 4 0 0 0 1 0 0 0 0 0 0 0 0 0 0 0 0 0
0 0 1 0 0 0 1 0 0 0 0 0 0 0 0 0 0 0 0 0
0 0 0 24 5 0 2 0 0 0 0 0 2 0 0 0 0 0 0 0
0 0 0 0 13 0 0 0 1 1 0 0 1 0 0 0 0 0 0 0
0 0 0 0 0 22 1 0 0 1 0 0 2 0 0 0 0 0 0 0
0 0 0 0 0 0 10 0 4 2 0 0 1 0 0 0 0 0 0 0
0 0 0 0 0 0 0 14 1 0 0 0 0 4 0 0 0 0 0 0
0 0 0 0 0 0 0 0 7 2 0 0 0 0 0 0 0 0 0 0
0 0 0 0 0 0 0 0 0 3 0 16 0 0 0 0 0 0 0 0
0 0 0 0 0 0 0 0 0 0 15 0 6 1 0 0 0 0 0 0
0 0 0 0 0 0 0 0 0 0 0 0 5 1 0 0 0 0 0 0
0 0 0 0 0 0 0 0 0 7 0 0 1 0 0 0 0 0 0 0
0 0 0 0 0 0 0 0 0 0 0 0 0 16 1 37 0 0 0 0
0 0 0 0 0 0 0 0 0 0 0 0 0 0 15 0 5 0 0 0
0 0 0 0 0 0 0 0 0 0 0 0 0 0 0 0 1 0 0 0
0 0 0 0 0 0 0 0 0 0 0 0 0 9 0 0 0 0 0 0
0 0 0 0 0 0 0 0 0 0 0 0 0 0 0 0 0 1 0 0
0 0 0 0 0 0 0 0 0 0 0 0 0 0 0 0 0 0 0 1
1 0 0 0 0 0 0 0 0 0 0 0 0 0 0 0 0 0 0 0
0 0 0 0 0 0 0 0 0 0 0 0 0 0 0 0 0 0 0 0
