P1 FAIL P1 OK P3 FAIL P2 FAIL P4 FAIL P5 FAIL P6 FAIL P7 FAIL P8 FAIL P2 OK P3 OK P4 OK P5 OK P6 OK P7 OK P8 OK P9 FAIL P9 OK START END 
618 59 3 27 1 1 0 1 1 0 0 0 0 0 0 0 0 0 0 0
37 0 4 15 0 1 1 1 0 0 0 0 0 0 0 0 0 0 0 0
4 0 102 3 3 0 0 0 1 0 21 0 0 0 0 0 0 0 0 0
33 0 6 556 1 1 1 0 0 38 0 0 0 0 0 0 0 0 0 1
2 0 0 1 64 1 0 0 0 0 0 18 0 0 0 0 0 0 0 0
0 0 2 0 0 71 1 0 0 0 0 0 19 0 0 0 0 0 0 0
1 0 0 2 0 0 215 4 0 0 0 0 0 26 0 0 0 0 0 0
3 0 0 2 0 0 0 170 0 0 0 0 0 0 17 0 0 0 0 0
2 0 0 1 0 0 0 0 58 0 0 0 0 0 0 14 1 0 0 0
2 0 11 16 1 1 4 3 0 0 0 0 0 0 0 0 0 0 0 0
3 0 4 2 10 0 2 0 0 0 0 0 0 0 0 0 0 0 0 0
1 0 0 2 1 10 3 0 1 0 0 0 0 0 0 0 0 0 0 0
1 0 1 0 1 7 7 2 0 0 0 0 0 0 0 0 0 0 0 0
3 0 0 3 0 0 11 7 2 0 0 0 0 0 0 0 0 0 0 0
0 0 1 4 2 0 2 3 5 0 0 0 0 0 0 0 0 0 0 0
0 0 0 2 2 0 1 1 8 0 0 0 0 0 0 0 0 0 0 0
0 0 0 0 0 0 0 0 0 0 0 0 0 0 0 0 5 1 0 0
0 0 0 1 0 0 0 0 0 0 0 0 0 0 0 0 0 0 0 0
1 0 0 0 0 0 0 0 0 0 0 0 0 0 0 0 0 0 0 0
0 0 0 0 0 0 0 0 0 0 0 0 0 0 0 0 0 0 0 0
