P1 FAIL P2 FAIL P9 FAIL P3 FAIL P4 FAIL P8 FAIL P7 FAIL P5 FAIL P6 FAIL P1 OK P2 OK P3 OK P8 OK P7 OK P4 OK P9 OK P6 OK P5 OK START END 
349 40 16 9 3 5 10 4 14 71 0 0 0 0 0 0 0 0 0 0
39 101 2 6 5 1 4 4 4 0 30 0 0 0 0 0 0 0 0 0
13 6 26 2 1 0 1 1 3 0 0 0 0 0 0 4 0 0 0 0
12 5 1 34 3 1 0 2 0 0 0 9 0 0 0 0 0 0 0 0
5 1 1 1 17 0 0 2 0 0 0 0 0 0 6 0 0 0 0 0
2 2 0 2 0 11 1 0 0 0 0 0 6 0 0 0 0 0 0 0
13 1 2 0 0 2 22 0 0 0 0 0 0 7 0 0 0 0 0 0
8 1 2 1 0 0 0 12 1 0 0 0 0 0 0 0 0 3 0 0
12 5 3 2 0 1 1 0 26 0 0 0 0 0 0 0 4 0 0 0
40 14 1 6 3 0 2 1 3 0 0 0 0 0 0 0 0 0 0 1
14 8 1 1 0 1 3 2 0 0 0 0 0 0 0 0 0 0 0 0
3 5 0 0 0 0 0 0 1 0 0 0 0 0 0 0 0 0 0 0
3 1 0 0 0 1 1 0 0 0 0 0 0 0 0 0 0 0 0 0
3 2 1 0 0 0 0 0 1 0 0 0 0 0 0 0 0 0 0 0
1 1 0 0 0 1 2 0 1 0 0 0 0 0 0 0 0 0 0 0
1 1 0 1 1 0 0 0 0 0 0 0 0 0 0 0 0 0 0 0
2 0 0 2 0 0 0 0 0 0 0 0 0 0 0 0 0 0 0 0
0 2 1 0 0 0 0 0 0 0 0 0 0 0 0 0 0 0 0 0
1 0 0 0 0 0 0 0 0 0 0 0 0 0 0 0 0 0 0 0
0 0 0 0 0 0 0 0 0 0 0 0 0 0 0 0 0 0 0 0
