P1 FAIL P1 OK P2 FAIL P2 OK P3 FAIL P4 FAIL P4 OK P5 FAIL P5 OK P6 FAIL P6 OK P7 FAIL P8 FAIL P8 OK P9 FAIL P3 OK P7 OK START END 
381 44 0 0 1 0 0 3 0 0 0 0 0 0 0 0 0 0 0
39 0 4 0 0 0 0 1 0 0 0 0 0 0 0 0 0 0 0
1 0 64 4 0 0 0 0 0 0 0 0 0 0 0 0 0 0 0
0 0 1 0 3 0 0 0 0 0 0 0 0 0 0 0 0 0 0
1 0 0 0 92 1 0 0 0 0 0 1 0 0 0 9 0 0 0
0 0 0 0 0 13 3 0 0 0 0 0 0 0 0 0 0 0 1
1 0 0 0 0 1 0 1 0 0 0 0 0 0 0 0 0 0 0
1 0 0 0 0 0 0 26 12 0 0 0 0 0 0 0 0 0 0
2 0 0 0 0 0 0 8 0 2 0 0 0 0 0 0 0 0 0
0 0 0 0 0 0 0 0 0 6 2 0 0 0 0 0 0 0 0
0 0 0 0 0 0 0 0 0 0 0 2 0 0 0 0 0 0 0
0 0 0 0 0 0 0 0 0 0 0 25 1 0 1 0 4 0 0
0 0 0 0 0 0 0 0 0 0 0 0 6 2 0 0 0 0 0
0 0 0 0 0 0 0 0 0 0 0 0 0 0 2 0 0 0 0
1 0 0 0 3 0 0 0 0 0 0 0 0 0 14 0 0 0 0
1 0 0 0 5 2 0 0 0 0 0 1 0 0 0 0 0 0 0
0 0 0 0 0 0 0 0 0 0 0 2 1 0 1 0 0 0 0
1 0 0 0 0 0 0 0 0 0 0 0 0 0 0 0 0 0 0
0 0 0 0 0 0 0 0 0 0 0 0 0 0 0 0 0 0 0
