P1 FAIL P1 OK P2 FAIL P3 FAIL P4 FAIL P5 FAIL P6 FAIL P7 FAIL P8 FAIL P9 FAIL P2 OK P3 OK P4 OK P5 OK P7 OK P6 OK P8 OK P9 OK START END 
1276 125 8 0 0 2 1 0 0 0 0 0 0 0 0 0 0 0 0 0
109 0 12 2 0 0 1 1 0 0 0 0 0 0 0 0 0 0 0 0
19 0 994 10 0 0 1 0 0 0 6 0 0 0 0 0 0 0 0 0
0 0 8 49 3 0 0 0 0 0 0 4 0 0 0 0 0 0 0 0
0 0 0 0 26 2 2 0 0 0 0 0 3 0 0 0 0 0 0 0
2 0 0 0 1 44 2 0 0 0 0 0 0 4 0 0 0 0 0 0
3 0 2 0 0 2 254 1 0 0 0 0 0 0 0 6 0 0 0 0
0 0 0 0 0 0 0 13 1 0 0 0 0 0 3 0 0 0 0 0
0 0 0 0 0 0 2 0 74 1 0 0 0 0 0 0 4 0 0 0
0 0 1 0 0 0 0 0 1 67 0 0 0 0 0 0 0 4 0 0
2 0 2 1 0 0 0 0 0 1 0 0 0 0 0 0 0 0 0 0
0 0 3 0 1 0 0 0 0 0 0 0 0 0 0 0 0 0 0 0
0 0 0 2 0 1 0 0 0 0 0 0 0 0 0 0 0 0 0 0
0 0 0 0 2 0 2 0 0 0 0 0 0 0 0 0 0 0 0 0
0 0 0 0 0 0 2 0 1 0 0 0 0 0 0 0 0 0 0 0
0 0 0 0 0 2 1 0 2 1 0 0 0 0 0 0 0 0 0 0
0 0 0 0 0 0 0 2 2 0 0 0 0 0 0 0 0 0 0 0
0 0 0 0 0 0 0 0 0 3 0 0 0 0 0 0 0 0 0 1
1 0 0 0 0 0 0 0 0 0 0 0 0 0 0 0 0 0 0 0
0 0 0 0 0 0 0 0 0 0 0 0 0 0 0 0 0 0 0 0
