P1 FAIL P2 FAIL P1 OK P3 FAIL P3 OK P4 FAIL P5 FAIL P6 FAIL P7 FAIL P5 OK P7 OK P4 OK P6 OK P8 FAIL P9 FAIL P2 OK START END 
268 5 40 0 0 0 0 0 0 0 0 0 0 0 0 0 0 0
10 267 0 2 0 0 0 0 0 0 0 0 0 0 0 6 0 0
34 5 0 1 0 0 0 0 0 0 0 0 0 0 0 0 0 0
0 1 0 6 2 0 0 0 0 0 0 0 0 0 0 0 0 0
0 0 0 0 0 2 0 0 0 0 0 0 0 0 0 0 0 0
0 0 0 0 0 7 2 1 0 0 0 1 0 0 0 0 0 0
0 0 0 0 0 0 11 1 0 1 0 0 0 0 0 0 0 0
0 0 0 0 0 0 0 7 2 0 0 0 1 0 0 0 0 0
0 1 0 0 0 0 0 0 29 0 1 0 0 0 0 0 0 0
0 0 0 0 0 1 0 0 0 0 0 0 0 0 0 0 0 0
0 0 0 0 0 1 0 0 0 0 0 0 0 0 0 0 0 0
0 0 0 0 0 0 0 1 0 0 0 0 0 0 0 0 0 0
0 0 0 0 0 0 0 0 0 0 0 0 0 1 0 0 0 0
0 0 0 0 0 0 0 0 0 0 0 0 0 7 1 0 0 1
0 1 0 0 0 0 0 0 0 0 0 0 0 0 3 0 0 0
0 5 0 0 0 0 0 0 0 0 0 0 0 1 0 0 0 0
1 0 0 0 0 0 0 0 0 0 0 0 0 0 0 0 0 0
0 0 0 0 0 0 0 0 0 0 0 0 0 0 0 0 0 0
