P1 FAIL P2 FAIL P3 FAIL P4 FAIL P5 FAIL P6 FAIL P7 FAIL P8 FAIL P9 FAIL P5 OK P4 OK P3 OK P2 OK P1 OK P7 OK P6 OK P8 OK P9 OK START END 
98 3 0 0 2 0 0 0 1 0 0 0 0 14 0 0 0 0 0 0
1 42 3 0 1 1 0 0 0 0 0 0 9 0 0 0 0 0 0 0
1 0 74 2 0 1 1 0 0 0 0 13 0 0 0 0 0 0 0 0
0 0 0 27 3 0 0 0 0 0 7 0 0 0 0 0 0 0 0 0
2 2 0 1 121 3 0 0 0 14 0 0 0 0 0 0 0 0 0 0
3 0 3 0 3 290 2 2 0 0 0 0 0 0 0 5 0 0 0 0
0 0 0 0 0 0 45 1 1 0 0 0 0 0 4 0 0 0 0 1
1 0 0 0 0 0 1 28 2 0 0 0 0 0 0 0 2 0 0 0
2 0 0 0 2 1 0 0 112 0 0 0 0 0 0 0 0 3 0 0
0 0 0 2 8 3 0 1 0 0 0 0 0 0 0 0 0 0 0 0
0 0 2 0 3 2 0 0 0 0 0 0 0 0 0 0 0 0 0 0
0 2 4 4 0 2 0 0 1 0 0 0 0 0 0 0 0 0 0 0
2 1 5 0 0 0 1 0 0 0 0 0 0 0 0 0 0 0 0 0
4 7 1 1 0 1 0 0 0 0 0 0 0 0 0 0 0 0 0 0
0 0 0 0 0 1 1 2 0 0 0 0 0 0 0 0 0 0 0 0
1 0 0 0 0 2 1 0 1 0 0 0 0 0 0 0 0 0 0 0
0 0 0 0 0 1 0 0 1 0 0 0 0 0 0 0 0 0 0 0
2 0 0 0 0 0 0 0 1 0 0 0 0 0 0 0 0 0 0 0
1 0 0 0 0 0 0 0 0 0 0 0 0 0 0 0 0 0 0 0
0 0 0 0 0 0 0 0 0 0 0 0 0 0 0 0 0 0 0 0
