P1 FAIL P9 FAIL P2 FAIL P8 FAIL P3 FAIL P7 FAIL P1 OK P4 FAIL P4 OK P5 FAIL P5 OK P2 OK P6 FAIL P6 OK P7 OK P3 OK P8 OK P9 OK START END 
124 5 12 0 3 3 41 1 0 1 0 0 1 0 0 0 0 0 0 0
3 4 1 0 1 0 0 0 0 0 0 0 0 0 0 0 0 1 0 0
15 0 33 3 1 0 0 2 0 0 0 9 1 0 0 0 0 0 0 0
5 0 0 5 0 0 0 0 0 0 0 0 0 0 0 0 1 0 0 0
1 0 1 0 5 0 0 0 0 0 0 0 0 0 0 3 0 0 0 0
6 0 1 0 0 8 0 0 0 0 0 0 0 0 2 0 0 0 0 0
24 1 9 2 0 2 0 0 0 2 0 0 1 0 0 0 0 0 0 0
0 0 1 0 0 0 0 4 2 0 0 0 1 0 0 0 0 0 0 0
0 0 0 0 0 2 0 0 0 0 0 0 0 0 0 0 0 0 0 0
1 0 0 0 0 0 0 0 0 5 4 0 0 0 0 0 0 0 0 0
4 0 0 0 0 0 0 0 0 0 0 0 0 0 0 0 0 0 0 0
3 0 3 0 0 1 0 0 0 0 0 0 2 0 0 0 0 0 0 0
1 0 0 1 0 0 0 0 0 0 0 0 10 4 0 0 0 0 0 0
1 0 0 0 0 0 0 1 0 1 0 0 0 0 0 0 0 0 0 1
1 0 1 0 0 0 0 0 0 0 0 0 0 0 0 0 0 0 0 0
0 0 1 0 0 1 0 0 0 1 0 0 0 0 0 0 0 0 0 0
0 0 1 0 0 0 0 0 0 0 0 0 0 0 0 0 0 0 0 0
1 0 0 0 0 0 0 0 0 0 0 0 0 0 0 0 0 0 0 0
1 0 0 0 0 0 0 0 0 0 0 0 0 0 0 0 0 0 0 0
0 0 0 0 0 0 0 0 0 0 0 0 0 0 0 0 0 0 0 0
