P1 FAIL P1 OK P2 FAIL P3 FAIL P4 FAIL P3 OK P5 FAIL P6 FAIL P7 FAIL P8 FAIL P9 FAIL P5 OK P4 OK P7 OK P2 OK P8 OK P6 OK P9 OK START END 
187 28 1 0 0 0 0 0 0 0 0 0 0 0 0 0 0 0 0 0
17 0 9 0 0 0 0 2 0 0 0 0 0 0 0 0 0 0 0 0
4 0 219 6 1 0 0 1 0 1 0 0 0 0 7 0 0 0 0 0
0 0 0 95 1 24 0 0 0 0 0 0 0 0 0 0 0 0 0 0
1 0 0 0 15 0 2 1 0 0 0 0 3 0 0 0 0 0 0 0
1 0 3 12 5 0 0 3 0 0 0 0 0 0 0 0 0 0 0 0
0 0 0 0 0 0 14 1 0 0 0 4 0 0 0 0 0 0 0 0
1 0 2 4 0 0 0 315 3 1 1 0 0 0 0 0 7 0 0 0
0 0 0 0 0 0 0 0 13 2 0 0 0 3 0 0 0 0 0 0
0 0 0 0 0 0 0 1 0 34 3 0 0 0 0 5 0 0 0 0
3 0 1 1 0 0 0 1 0 0 124 0 0 0 0 0 0 4 0 0
0 0 0 0 0 0 1 3 0 0 0 0 0 0 0 0 0 0 0 0
0 0 0 0 0 0 2 1 0 0 0 0 0 0 0 0 0 0 0 0
0 0 0 0 0 0 0 0 0 3 0 0 0 0 0 0 0 0 0 0
0 0 2 2 0 0 0 1 1 0 1 0 0 0 0 0 0 0 0 0
0 0 0 0 0 0 0 1 0 2 2 0 0 0 0 0 0 0 0 0
1 0 2 0 0 0 0 3 1 0 0 0 0 0 0 0 0 0 0 0
0 0 0 0 0 0 0 0 0 0 3 0 0 0 0 0 0 0 0 1
1 0 0 0 0 0 0 0 0 0 0 0 0 0 0 0 0 0 0 0
0 0 0 0 0 0 0 0 0 0 0 0 0 0 0 0 0 0 0 0
