P1 FAIL P1 OK P2 FAIL P2 OK P3 FAIL P3 OK P4 FAIL P4 OK P5 FAIL P5 OK P6 FAIL P6 OK P7 FAIL P7 OK P8 FAIL P8 OK P9 FAIL P9 OK START END 
129 23 2 0 0 0 0 0 1 0 1 0 0 0 0 0 0 0 0 0
7 0 14 0 0 0 0 0 0 0 1 0 0 0 0 0 1 0 0 0
0 0 87 18 2 0 0 0 0 0 0 0 0 0 0 0 1 0 0 0
2 0 2 0 13 0 0 0 0 0 0 0 0 0 0 0 1 0 0 0
0 0 0 0 78 16 1 0 0 0 0 0 0 0 0 0 0 0 0 0
1 0 2 0 0 0 13 0 0 0 0 0 0 0 0 0 0 0 0 0
0 0 0 0 0 0 59 14 2 0 0 0 0 0 0 0 1 0 0 0
1 0 0 0 2 0 0 0 11 0 0 0 0 0 0 0 0 0 0 0
1 0 0 0 0 0 0 0 93 18 2 0 0 0 0 0 1 0 0 0
3 0 0 0 0 0 2 0 3 0 8 0 0 0 0 0 2 0 0 0
4 0 0 0 0 0 0 0 0 0 216 16 3 0 2 0 1 0 0 0
1 0 0 0 0 0 0 0 2 0 6 0 7 0 0 0 0 0 0 0
0 0 0 0 0 0 0 0 0 0 1 0 43 12 2 0 1 0 0 0
0 0 0 0 0 0 0 0 0 0 2 0 2 0 8 0 0 0 0 0
2 0 0 0 0 0 0 0 0 0 3 0 0 0 74 12 3 0 0 0
0 0 0 0 0 0 0 0 1 0 0 0 3 0 3 0 5 0 0 0
3 0 1 0 0 0 1 0 0 0 2 0 1 0 3 0 102 10 0 0
1 0 0 0 0 0 0 0 2 0 0 0 0 0 2 0 4 0 0 1
1 0 0 0 0 0 0 0 0 0 0 0 0 0 0 0 0 0 0 0
0 0 0 0 0 0 0 0 0 0 0 0 0 0 0 0 0 0 0 0
