P1 FAIL P2 FAIL P9 FAIL P6 FAIL P7 FAIL P5 FAIL P8 FAIL P2 OK P1 OK P6 OK P9 OK P5 OK P7 OK P8 OK P3 FAIL P3 OK START END 
150 10 10 3 1 2 1 0 31 0 0 0 0 0 1 0 0 0
11 23 0 0 1 0 0 7 0 0 0 0 0 0 0 0 0 0
8 2 14 0 0 1 0 0 0 0 4 0 0 0 0 0 0 0
0 2 1 6 0 0 0 0 0 4 0 0 0 0 0 0 0 0
1 0 0 0 2 0 0 0 0 0 0 0 1 0 0 0 0 0
4 0 0 0 0 4 0 0 0 0 0 1 0 0 0 0 0 0
1 0 1 0 0 0 2 0 0 0 0 0 0 2 0 0 0 0
5 0 1 1 0 0 0 0 0 0 0 0 0 0 0 0 0 0
18 5 1 2 0 2 2 0 0 0 0 0 0 0 0 0 0 1
3 0 1 0 0 0 0 0 0 0 0 0 0 0 0 0 0 0
3 0 0 1 0 0 0 0 0 0 0 0 0 0 0 0 0 0
1 0 0 0 0 0 0 0 0 0 0 0 0 0 0 0 0 0
0 0 0 0 0 0 1 0 0 0 0 0 0 0 0 0 0 0
2 0 0 0 0 0 0 0 0 0 0 0 0 0 0 0 0 0
0 0 0 0 0 0 0 0 0 0 0 0 0 0 1 1 0 0
1 0 0 0 0 0 0 0 0 0 0 0 0 0 0 0 0 0
1 0 0 0 0 0 0 0 0 0 0 0 0 0 0 0 0 0
0 0 0 0 0 0 0 0 0 0 0 0 0 0 0 0 0 0
