P1 FAIL P6 FAIL P1 OK P4 FAIL P2 FAIL P7 FAIL P3 FAIL P5 FAIL P5 OK P9 FAIL P9 OK P4 OK P2 OK P6 OK START END 
35 4 9 0 1 0 1 2 0 0 0 0 0 0 0 0
3 7 0 0 0 1 1 0 0 0 0 0 0 1 0 0
2 1 0 1 3 0 0 1 0 1 0 0 0 0 0 0
1 0 0 3 0 0 0 0 0 0 0 2 0 0 0 0
1 0 0 0 7 1 0 1 0 0 0 0 2 0 0 0
3 0 0 0 0 3 0 0 0 0 0 0 0 0 0 0
2 0 0 0 0 0 2 0 0 0 0 0 0 0 0 0
0 0 0 0 1 0 0 5 4 0 0 0 0 0 0 0
2 0 0 1 0 0 0 1 0 0 0 0 0 0 0 0
0 0 0 0 0 0 0 0 0 1 1 0 0 0 0 0
0 0 0 1 0 0 0 0 0 0 0 0 0 0 0 0
2 0 0 0 0 0 0 0 0 0 0 0 0 0 0 0
0 1 0 0 0 1 0 0 0 0 0 0 0 0 0 0
0 0 0 0 0 0 0 0 0 0 0 0 0 0 0 1
1 0 0 0 0 0 0 0 0 0 0 0 0 0 0 0
0 0 0 0 0 0 0 0 0 0 0 0 0 0 0 0
