P1 FAIL P1 OK P2 FAIL P2 OK P3 FAIL P3 OK P4 FAIL P4 OK P5 FAIL P5 OK P6 FAIL P7 FAIL P7 OK P8 FAIL P8 OK P6 OK P9 FAIL START END 
385 60 1 0 0 0 0 0 0 0 3 0 0 0 0 0 1 0 0
53 0 5 0 0 0 0 0 0 0 1 1 0 0 0 0 0 0 0
3 0 162 25 0 0 0 0 0 0 0 0 0 0 0 0 0 0 0
1 0 14 0 4 0 1 0 1 0 4 0 0 0 0 0 0 0 0
0 0 0 0 51 17 0 0 0 0 0 0 0 0 0 0 0 0 0
1 0 1 0 10 0 2 0 2 0 1 0 0 0 0 0 0 0 0
0 0 0 0 0 0 15 5 0 0 0 0 0 0 0 0 0 0 0
0 0 1 0 0 0 2 0 2 0 0 0 0 0 0 0 0 0 0
0 0 0 0 0 0 0 0 21 7 0 0 0 0 0 0 0 0 0
1 0 1 0 1 0 0 0 2 0 1 1 0 0 0 0 0 0 0
1 0 3 0 0 0 0 0 0 0 59 1 0 0 0 9 1 0 0
0 0 0 0 0 0 0 0 0 0 0 12 4 0 0 0 0 0 0
0 0 0 0 0 0 0 0 0 0 0 1 0 3 0 0 0 0 0
1 0 0 0 0 0 0 0 0 0 1 0 0 16 4 0 0 0 0
0 0 0 0 0 0 0 0 0 0 0 0 0 3 0 0 1 0 0
2 0 2 0 0 0 0 0 0 0 4 0 0 0 0 0 0 0 1
1 0 0 0 2 0 0 0 0 0 0 0 0 0 0 0 10 0 0
1 0 0 0 0 0 0 0 0 0 0 0 0 0 0 0 0 0 0
0 0 0 0 0 0 0 0 0 0 0 0 0 0 0 0 0 0 0
