P1 FAIL P4 FAIL P2 FAIL P5 FAIL P3 FAIL P1 OK P2 OK P5 OK P3 OK P4 OK P6 FAIL P7 FAIL P8 FAIL P9 FAIL P6 OK P7 OK P8 OK P9 OK START END 
440 1 2 1 6 45 0 0 0 0 3 1 1 1 0 0 0 0 0 0
3 167 0 3 2 0 0 0 0 27 1 0 1 0 0 0 0 0 0 0
2 0 181 1 2 0 26 0 0 0 0 1 4 0 0 0 0 0 0 0
5 0 1 161 0 0 0 30 0 0 3 0 0 0 0 0 0 0 0 0
7 4 1 2 252 0 0 0 21 0 26 0 4 0 0 0 0 0 0 0
16 2 16 0 1 0 0 0 0 0 4 3 2 1 0 0 0 0 0 0
1 0 8 0 12 0 0 0 0 0 0 0 5 0 0 0 0 0 0 0
1 2 0 5 1 0 0 0 0 0 13 6 2 0 0 0 0 0 0 0
0 10 0 2 5 0 0 0 0 0 0 1 0 3 0 0 0 0 0 0
1 14 0 7 1 0 0 0 0 0 2 2 0 0 0 0 0 0 0 0
2 0 0 9 26 0 0 0 0 0 355 5 0 1 25 0 0 0 0 0
6 0 0 5 1 0 0 0 0 0 1 229 6 3 0 34 0 0 0 0
3 1 7 1 2 0 0 0 0 0 2 4 270 2 0 0 40 0 0 0
7 2 1 1 0 0 0 0 0 0 4 12 4 420 0 0 0 32 0 0
1 1 0 2 2 0 0 0 0 0 6 7 1 5 0 0 0 0 0 0
1 0 0 0 1 0 0 0 0 0 0 11 15 6 0 0 0 0 0 0
2 0 0 0 1 0 0 0 0 0 1 2 16 18 0 0 0 0 0 0
2 0 0 0 2 0 0 0 0 0 2 1 1 23 0 0 0 0 0 1
1 0 0 0 0 0 0 0 0 0 0 0 0 0 0 0 0 0 0 0
0 0 0 0 0 0 0 0 0 0 0 0 0 0 0 0 0 0 0 0
