P1 FAIL P2 FAIL P3 FAIL P1 OK P2 OK P4 FAIL P3 OK P4 OK P5 FAIL P5 OK P6 FAIL P6 OK P7 FAIL P7 OK P8 FAIL P9 FAIL P8 OK START END 
118 1 0 27 0 0 0 0 1 0 0 0 0 0 1 0 0 0 0
0 25 3 0 4 0 0 0 0 0 0 0 0 0 0 0 0 0 0
1 0 11 0 0 1 3 0 0 0 0 0 0 0 0 0 0 0 0
19 3 1 0 0 1 0 0 3 0 0 0 0 0 0 0 0 0 0
2 1 1 0 0 0 0 0 0 0 0 0 0 0 0 0 0 0 0
0 2 0 0 0 52 0 3 0 0 0 0 0 0 1 0 0 0 0
0 0 0 0 0 3 0 0 0 0 0 0 0 0 0 0 0 0 0
0 0 0 0 0 0 0 0 2 0 0 0 0 0 1 0 0 0 0
0 0 0 0 0 0 0 0 285 22 1 0 1 0 3 0 0 0 0
3 0 0 0 0 0 0 0 12 0 2 0 4 0 1 0 0 0 0
0 0 0 0 0 0 0 0 0 0 10 3 0 0 0 1 0 0 0
0 0 0 0 0 0 0 0 1 0 0 0 2 0 0 0 0 0 0
1 0 0 0 0 0 0 0 1 0 0 0 109 8 0 0 0 0 0
0 0 0 0 0 0 0 0 2 0 1 0 2 0 3 0 0 0 0
3 0 0 0 0 1 0 0 3 0 0 0 0 0 346 1 3 0 1
0 0 0 0 0 0 0 0 1 0 0 0 0 0 1 5 0 0 0
0 0 0 0 0 0 0 0 1 0 0 0 1 0 1 0 0 0 0
1 0 0 0 0 0 0 0 0 0 0 0 0 0 0 0 0 0 0
0 0 0 0 0 0 0 0 0 0 0 0 0 0 0 0 0 0 0
