P1 FAIL P1 OK P2 FAIL P3 FAIL P3 OK P4 FAIL P5 FAIL P6 FAIL P7 FAIL P5 OK P8 FAIL P9 FAIL P2 OK P4 OK P7 OK P8 OK P6 OK P9 OK START END 
123 34 0 0 0 0 0 0 0 0 0 0 0 0 0 0 0 0 0 0
23 0 6 4 0 0 1 0 0 0 0 0 0 0 0 0 0 0 0 0
2 0 42 3 0 1 0 0 0 0 0 0 4 0 0 0 0 0 0 0
0 0 0 40 9 1 0 0 0 0 0 0 0 0 0 0 0 0 0 0
1 0 1 0 0 4 3 0 0 0 0 0 0 0 0 0 0 0 0 0
1 0 0 0 0 43 4 0 0 0 0 0 0 3 0 0 0 0 0 0
1 0 0 0 0 0 39 1 0 9 0 0 0 0 0 0 0 0 0 0
0 0 0 0 0 0 0 71 4 0 0 0 0 0 0 0 4 0 0 0
0 0 0 0 0 2 0 0 18 0 1 0 0 0 3 0 0 0 0 0
3 0 1 0 0 0 0 4 1 0 0 0 0 0 0 0 0 0 0 0
0 0 0 0 0 0 0 0 0 0 11 1 0 0 0 3 0 0 0 0
2 0 1 0 0 0 0 0 0 0 0 73 0 0 0 0 0 5 0 0
0 0 1 3 0 0 0 0 0 0 0 0 0 0 0 0 0 0 0 0
0 0 0 0 0 0 3 0 0 0 0 0 0 0 0 0 0 0 0 0
0 0 0 0 0 0 0 0 0 0 3 0 0 0 0 0 0 0 0 0
0 0 0 0 0 0 0 1 0 0 0 2 0 0 0 0 0 0 0 0
0 0 0 0 0 0 0 2 1 0 0 1 0 0 0 0 0 0 0 0
0 0 0 0 0 0 0 0 0 0 0 4 0 0 0 0 0 0 0 1
1 0 0 0 0 0 0 0 0 0 0 0 0 0 0 0 0 0 0 0
0 0 0 0 0 0 0 0 0 0 0 0 0 0 0 0 0 0 0 0
