P1 FAIL P6 FAIL P1 OK P6 OK P7 FAIL P7 OK P3 FAIL P3 OK P2 FAIL P2 OK P5 FAIL P8 FAIL P8 OK P9 FAIL P9 OK P4 FAIL P5 OK START END 
87 7 19 0 2 0 3 0 10 0 2 1 0 1 0 1 0 0 0
7 11 0 3 2 0 0 0 1 0 0 0 0 1 0 0 0 0 0
8 3 0 0 3 0 1 0 3 0 0 0 0 0 0 1 0 0 0
0 1 0 0 1 0 0 0 1 0 0 0 0 0 0 0 0 0 0
3 1 0 0 9 3 1 0 1 0 0 1 0 1 0 0 0 0 0
1 0 0 0 0 0 1 0 1 0 0 0 0 0 0 0 0 0 0
5 1 0 0 0 0 12 2 1 0 0 0 0 1 0 0 0 0 0
1 0 0 0 1 0 0 0 0 0 0 0 0 0 0 0 0 0 0
10 1 0 0 0 0 1 0 23 8 2 0 0 3 0 0 0 0 0
3 0 0 0 1 0 1 0 2 0 1 0 0 0 0 0 0 0 0
3 0 0 0 0 0 1 0 0 0 5 1 0 1 0 0 1 0 0
0 0 0 0 0 0 0 0 2 0 0 3 1 0 0 0 0 0 0
0 0 0 0 0 0 0 0 1 0 0 0 0 0 0 0 0 0 0
4 0 0 0 0 0 1 0 1 0 2 0 0 8 1 0 0 0 0
0 0 0 0 1 0 0 0 0 0 0 0 0 0 0 0 0 0 0
0 0 0 0 0 0 0 0 1 0 0 0 0 1 0 1 0 0 0
0 0 0 0 0 0 0 0 0 0 0 0 0 0 0 0 0 0 1
1 0 0 0 0 0 0 0 0 0 0 0 0 0 0 0 0 0 0
0 0 0 0 0 0 0 0 0 0 0 0 0 0 0 0 0 0 0
