P1 FAIL P9 FAIL P2 FAIL P3 FAIL P1 OK P2 OK P3 OK P4 FAIL P4 OK P5 FAIL P5 OK P7 FAIL P7 OK P8 FAIL P6 FAIL P6 OK P8 OK START END 
383 1 7 1 35 0 0 0 0 0 0 1 0 0 0 0 0 0 0
3 83 0 0 0 0 0 0 0 0 0 1 0 1 0 0 0 0 0
7 0 62 1 0 19 0 0 0 0 0 0 0 0 0 0 0 0 0
4 0 1 109 0 0 11 0 0 0 0 0 0 0 1 0 0 0 0
15 0 14 3 0 0 0 0 0 0 0 1 0 0 2 0 0 0 0
5 0 0 11 0 0 0 2 0 1 0 0 0 0 0 0 0 0 0
2 0 1 0 0 0 0 7 0 1 0 0 0 0 0 0 0 0 0
0 0 1 1 0 0 0 34 10 0 0 0 0 0 0 0 0 0 0
0 0 0 0 0 0 0 1 0 9 0 0 0 0 0 0 0 0 0
0 0 0 0 0 0 0 1 0 35 11 0 0 0 0 0 0 0 0
1 0 1 0 0 0 0 1 0 0 0 0 0 0 8 0 0 0 0
1 0 0 0 0 0 0 0 0 0 0 154 12 3 4 0 0 0 0
0 0 0 0 0 0 0 0 0 0 0 2 0 10 0 0 0 0 0
3 0 0 0 0 0 0 0 0 0 0 3 0 111 1 0 17 0 0
1 1 1 0 0 0 0 0 0 1 0 1 0 0 64 13 0 0 0
0 0 0 0 0 0 0 0 0 0 0 11 0 0 2 0 0 0 0
2 3 1 0 0 0 0 0 0 0 0 0 0 10 0 0 0 0 1
1 0 0 0 0 0 0 0 0 0 0 0 0 0 0 0 0 0 0
0 0 0 0 0 0 0 0 0 0 0 0 0 0 0 0 0 0 0
