P1 FAIL P1 OK P2 FAIL P3 FAIL P2 OK P4 FAIL P5 FAIL P5 OK P3 OK P6 FAIL P7 FAIL P4 OK P6 OK P7 OK P8 FAIL P9 FAIL P8 OK P9 OK START END 
70 6 2 0 0 0 0 0 0 0 0 0 0 0 0 0 0 0 0 0
2 0 2 2 0 0 0 0 0 0 0 0 0 0 0 0 0 0 0 0
1 0 26 0 3 0 0 0 0 0 0 0 0 0 0 0 0 0 0 0
1 0 0 68 0 3 0 0 7 1 0 0 0 0 0 0 0 0 0 0
1 0 0 2 0 0 0 0 0 0 0 0 0 0 0 0 0 0 0 0
1 0 0 2 0 46 2 0 0 0 0 3 0 0 1 0 0 0 0 0
1 0 0 0 0 0 36 4 0 0 0 0 0 0 0 0 0 0 0 0
0 0 0 0 0 1 1 0 0 1 0 0 0 0 1 0 0 0 0 0
0 0 0 2 0 1 1 0 0 2 0 0 0 0 0 1 0 0 0 0
0 0 0 0 0 1 0 0 0 12 1 0 2 0 0 1 0 0 0 0
0 0 0 1 0 0 0 0 0 0 5 0 0 1 0 0 0 0 0 0
0 0 0 1 0 1 1 0 0 0 0 0 0 0 0 0 0 0 0 0
0 0 0 0 0 0 0 0 0 0 1 0 0 0 1 0 0 0 0 0
0 0 0 1 0 0 0 0 0 0 0 0 0 0 0 0 0 0 0 0
0 0 0 0 0 1 0 0 0 1 0 0 0 0 16 0 1 0 0 0
0 0 0 1 0 1 0 0 0 0 0 0 0 0 0 10 0 1 0 0
0 0 0 0 0 0 0 0 0 0 0 0 0 0 0 1 0 0 0 0
0 0 0 0 0 0 0 0 0 0 0 0 0 0 0 0 0 0 0 1
1 0 0 0 0 0 0 0 0 0 0 0 0 0 0 0 0 0 0 0
0 0 0 0 0 0 0 0 0 0 0 0 0 0 0 0 0 0 0 0
