P1 FAIL P1 OK P2 FAIL P3 FAIL P4 FAIL P2 OK P4 OK P5 FAIL P3 OK P5 OK P6 FAIL P6 OK P7 FAIL P8 FAIL P8 OK P9 FAIL P7 OK START END 
343 47 2 1 0 0 0 0 0 0 1 0 1 1 0 1 0 0 1
33 0 4 3 0 0 0 0 0 0 0 0 3 2 0 2 0 0 0
1 0 49 1 0 10 0 0 0 0 0 0 0 0 0 0 0 0 0
1 0 3 56 3 0 0 0 10 0 0 0 0 0 0 0 0 0 0
1 0 0 0 65 0 14 0 0 0 0 0 0 0 0 0 0 0 0
0 0 0 6 1 0 0 1 0 0 0 0 2 0 0 0 0 0 0
2 0 0 2 5 0 0 4 0 0 0 0 0 1 0 0 0 0 0
1 0 0 0 0 0 0 16 0 6 0 0 0 0 0 0 0 0 0
0 0 1 1 5 0 0 1 0 0 2 0 0 0 0 0 0 0 0
0 0 0 0 0 0 0 0 0 0 5 0 1 0 0 0 0 0 0
0 0 0 0 0 0 0 0 0 0 24 8 0 0 0 0 0 0 0
1 0 0 0 0 0 0 1 0 0 0 0 6 0 0 0 0 0 0
3 0 1 1 0 0 0 0 0 0 0 0 68 1 0 1 7 0 0
0 0 0 0 0 0 0 0 0 0 0 0 0 24 8 0 0 0 0
3 0 0 1 0 0 0 0 0 0 0 0 0 0 0 4 0 0 0
5 0 1 1 0 0 0 0 0 0 0 0 1 1 0 36 0 0 0
3 0 0 0 1 0 0 0 0 0 0 0 0 2 0 1 0 0 0
1 0 0 0 0 0 0 0 0 0 0 0 0 0 0 0 0 0 0
0 0 0 0 0 0 0 0 0 0 0 0 0 0 0 0 0 0 0
