P1 FAIL P1 OK P2 FAIL P3 FAIL P3 OK P2 OK P4 FAIL P5 FAIL P5 OK P4 OK P6 FAIL P6 OK P7 FAIL P8 FAIL P7 OK P8 OK P9 FAIL START END 
115 40 4 0 0 0 0 0 0 0 0 0 0 1 0 0 0 0 0
40 4 0 0 0 0 0 0 0 0 0 0 0 0 0 0 0 0 0
1 0 110 7 0 10 0 0 0 0 1 0 1 1 0 0 0 0 0
0 0 1 34 5 0 3 0 0 0 0 0 1 3 0 0 0 0 0
0 0 1 2 0 0 2 0 0 0 0 0 0 0 0 0 0 0 0
0 0 10 0 0 2 0 0 0 0 0 0 0 0 0 0 0 0 0
0 0 0 2 0 0 5 2 0 6 0 0 0 2 0 0 0 0 0
0 0 0 0 0 0 0 15 6 0 1 0 0 1 0 0 0 0 0
2 0 0 0 0 0 0 2 0 0 1 0 1 0 0 0 0 0 0
0 0 0 0 0 0 3 2 0 0 0 0 0 1 0 0 0 0 0
0 0 0 1 0 0 0 0 0 0 15 8 3 0 0 0 0 0 0
0 0 0 0 0 0 1 0 0 0 6 1 1 0 0 0 0 0 0
0 0 1 0 0 0 0 0 0 0 0 0 60 2 12 0 0 0 1
1 0 3 1 0 0 2 0 0 0 0 0 1 110 0 13 2 0 0
0 0 0 0 0 0 0 0 0 0 2 0 6 4 0 0 0 0 0
0 0 1 0 0 0 1 2 0 0 1 0 1 7 0 2 0 0 0
0 0 0 0 0 0 0 0 0 0 0 0 1 1 0 0 2 0 0
1 0 0 0 0 0 0 0 0 0 0 0 0 0 0 0 0 0 0
0 0 0 0 0 0 0 0 0 0 0 0 0 0 0 0 0 0 0
