P1 FAIL P1 OK P2 FAIL P2 OK P3 FAIL P3 OK P4 FAIL P4 OK P5 FAIL P5 OK P6 FAIL P6 OK P7 FAIL P7 OK START END 
488 68 0 0 0 0 0 0 0 0 0 0 0 0 0 0
67 15 1 0 0 0 0 0 0 0 0 0 0 0 0 0
0 0 236 43 0 0 0 0 0 0 0 0 0 0 0 0
0 0 42 17 1 0 0 0 0 0 0 0 0 0 0 0
0 0 0 0 32 11 0 0 0 0 0 0 0 0 0 0
0 0 0 0 10 5 1 0 0 0 0 0 0 0 0 0
0 0 0 0 0 0 32 8 0 0 0 0 0 0 0 0
0 0 0 0 0 0 7 13 1 0 0 0 0 0 0 0
0 0 0 0 0 0 0 0 372 113 0 0 0 0 0 0
0 0 0 0 0 0 0 0 112 47 1 0 0 0 0 0
0 0 0 0 0 0 0 0 0 0 15 5 0 0 0 0
0 0 0 0 0 0 0 0 0 0 4 5 1 0 0 0
0 0 0 0 0 0 0 0 0 0 0 0 195 58 0 0
0 0 0 0 0 0 0 0 0 0 0 0 57 56 0 1
1 0 0 0 0 0 0 0 0 0 0 0 0 0 0 0
0 0 0 0 0 0 0 0 0 0 0 0 0 0 0 0
