P1 FAIL P1 OK P2 FAIL P2 OK P3 FAIL P3 OK P5 FAIL P5 OK P6 FAIL P6 OK P7 FAIL P8 FAIL P7 OK P4 FAIL P4 OK P8 OK P9 FAIL START END 
102 45 5 0 0 0 0 0 0 0 0 0 0 0 0 0 0 0 0
45 14 0 0 0 0 0 0 0 0 0 0 0 0 0 0 0 0 0
2 0 29 14 0 0 0 0 1 0 0 0 0 0 0 0 0 0 0
2 0 5 1 5 0 0 0 1 0 0 0 0 1 0 0 0 0 0
0 0 0 0 0 6 0 0 0 0 0 0 0 0 0 0 0 0 0
0 0 0 0 0 0 3 0 0 0 0 0 0 2 0 0 0 0 1
0 0 0 0 0 0 1 6 2 0 0 0 0 0 0 0 0 0 0
0 0 1 0 0 0 2 1 2 0 1 0 0 0 0 0 0 0 0
0 0 0 0 0 0 0 0 29 12 4 3 0 0 0 0 0 0 0
0 0 0 0 0 0 0 0 8 0 2 2 0 0 0 0 0 0 0
0 0 2 0 0 0 0 0 0 0 72 6 6 0 0 0 0 0 0
0 0 0 0 0 0 0 0 2 0 2 94 0 0 0 13 1 0 0
0 0 0 0 0 0 1 0 0 0 4 1 2 0 0 0 0 0 0
0 0 0 0 0 0 0 0 0 0 0 0 0 1 4 0 0 0 0
0 0 0 0 0 0 2 0 1 0 0 0 0 1 1 0 0 0 0
0 0 4 0 0 0 0 0 2 0 1 3 0 0 0 3 3 0 0
0 0 0 0 1 0 0 0 0 0 0 3 0 0 0 0 3 0 0
1 0 0 0 0 0 0 0 0 0 0 0 0 0 0 0 0 0 0
0 0 0 0 0 0 0 0 0 0 0 0 0 0 0 0 0 0 0
