P1 FAIL P1 OK P2 FAIL P3 FAIL P4 FAIL P2 OK P6 FAIL P5 FAIL P6 OK P3 OK P5 OK P7 FAIL P7 OK P8 FAIL P8 OK P4 OK P9 FAIL P9 OK START END 
129 33 5 0 0 0 0 0 0 0 0 0 0 0 0 0 0 0 0 0
31 6 2 0 0 0 0 0 0 0 0 0 0 0 0 0 0 0 0 0
1 0 121 4 3 13 7 0 0 0 0 0 0 0 0 0 0 0 0 0
0 0 3 4 0 0 1 0 0 10 0 0 0 0 0 0 0 0 0 0
0 0 1 1 4 0 0 1 0 0 0 0 0 0 0 5 0 0 0 0
1 0 4 6 0 1 0 0 0 0 0 2 0 0 0 0 0 0 0 0
0 0 5 0 1 0 35 1 7 0 0 2 0 0 0 0 0 0 0 0
0 0 1 0 0 0 1 10 0 0 6 0 0 0 0 0 0 0 0 0
1 0 1 0 0 0 1 0 0 0 0 4 0 0 0 0 0 0 0 0
0 0 0 3 4 0 0 2 0 0 0 0 0 1 0 0 0 0 0 0
0 0 1 0 0 0 4 1 0 0 2 0 0 0 0 0 0 0 0 0
1 0 1 0 0 0 0 0 0 0 0 28 7 3 0 0 0 0 0 0
2 0 1 0 0 0 0 0 0 0 0 2 0 0 2 0 0 0 0 0
0 0 1 0 0 0 1 0 0 0 0 1 0 35 3 0 0 0 0 0
0 0 0 0 0 0 0 0 0 0 0 1 0 2 1 0 1 0 0 1
0 0 1 0 0 0 1 3 0 0 0 0 0 0 0 0 0 0 0 0
0 0 0 0 0 0 0 0 0 0 0 0 0 0 0 0 2 1 0 0
0 0 1 0 0 0 0 0 0 0 0 0 0 0 0 0 0 0 0 0
1 0 0 0 0 0 0 0 0 0 0 0 0 0 0 0 0 0 0 0
0 0 0 0 0 0 0 0 0 0 0 0 0 0 0 0 0 0 0 0
