P1 FAIL P1 OK P2 FAIL P3 FAIL P3 OK P4 FAIL P4 OK P5 FAIL P5 OK P2 OK P6 FAIL P6 OK P7 FAIL P7 OK START END 
201 17 1 2 0 0 0 0 0 0 0 0 0 0 0 0
16 9 1 0 0 0 0 0 0 0 0 0 0 0 0 0
1 0 140 4 0 0 0 0 0 26 0 0 0 0 0 0
1 0 0 157 44 0 0 0 0 0 0 0 0 0 0 0
1 0 2 39 28 1 0 1 0 0 0 0 0 0 0 0
0 0 0 0 0 4 2 0 0 0 0 0 0 0 0 0
0 0 0 0 0 1 0 1 0 0 0 0 0 0 0 0
0 0 2 0 0 0 0 104 12 0 1 0 0 0 0 0
0 0 0 0 0 0 0 12 0 0 0 0 0 0 0 0
0 0 25 0 0 0 0 1 0 14 0 0 0 0 0 0
0 0 0 0 0 0 0 0 0 0 23 4 1 0 0 0
0 0 0 0 0 0 0 0 0 0 4 4 0 0 0 0
0 0 0 0 0 0 0 0 0 0 0 0 5 1 0 1
0 0 0 0 0 0 0 0 0 0 0 0 1 0 0 0
1 0 0 0 0 0 0 0 0 0 0 0 0 0 0 0
0 0 0 0 0 0 0 0 0 0 0 0 0 0 0 0
