P1 FAIL P1 OK P2 FAIL P2 OK P3 FAIL P3 OK P4 FAIL P4 OK P5 FAIL P5 OK P7 FAIL P7 OK P9 FAIL P9 OK P8 FAIL P8 OK START END 
215 87 0 0 0 0 0 0 0 0 0 0 0 0 0 0 0 0
83 53 4 0 0 0 0 0 0 0 0 0 0 0 0 0 0 0
1 0 133 11 0 0 0 0 0 0 0 0 0 0 0 0 0 0
2 0 8 5 1 0 0 0 0 0 0 0 0 0 0 0 0 0
0 0 0 0 58 6 0 0 0 0 0 0 0 0 0 0 0 0
0 0 0 0 5 1 1 0 0 0 0 0 0 0 0 0 0 0
0 0 0 0 0 0 12 5 1 0 0 0 0 0 0 0 0 0
0 0 0 0 0 0 5 0 0 0 0 0 0 0 0 0 0 0
0 0 0 0 0 0 0 0 67 27 0 0 0 0 0 0 0 0
0 0 0 0 0 0 0 0 26 9 1 0 0 0 0 0 0 0
0 0 0 0 0 0 0 0 0 0 112 50 1 0 0 0 0 0
0 0 0 0 0 0 0 0 0 0 47 10 2 0 1 0 0 0
0 0 0 0 0 0 0 0 0 0 0 0 459 195 0 0 0 0
0 0 0 0 0 0 0 0 0 0 3 0 192 49 0 0 0 0
0 0 0 0 0 0 0 0 0 0 0 0 0 0 42 22 0 0
0 0 0 0 0 0 0 0 0 0 0 0 0 0 21 11 0 1
1 0 0 0 0 0 0 0 0 0 0 0 0 0 0 0 0 0
0 0 0 0 0 0 0 0 0 0 0 0 0 0 0 0 0 0
