P1 FAIL P1 OK P2 FAIL P3 FAIL P3 OK P2 OK P4 FAIL P4 OK P5 FAIL P5 OK P7 FAIL P6 FAIL P6 OK P7 OK P8 FAIL P8 OK P9 FAIL P9 OK START END 
163 28 2 2 0 0 0 0 0 0 0 0 0 0 0 0 0 0 0 0
26 6 1 1 0 0 0 0 0 0 0 0 0 0 0 0 0 0 0 0
1 0 82 2 0 7 0 0 0 0 0 1 0 0 0 0 0 0 0 0
1 0 2 13 5 0 0 0 0 0 2 0 0 0 0 0 0 0 0 0
1 0 0 2 0 0 2 0 0 0 0 0 0 0 0 0 0 0 0 0
1 0 3 2 0 1 0 0 0 0 1 0 0 0 0 0 0 0 0 0
0 0 0 0 0 0 1 1 1 0 0 0 0 0 0 0 0 0 0 0
0 0 0 0 0 0 0 0 1 0 0 0 0 0 0 0 0 0 0 0
0 0 0 0 0 0 0 0 2 3 0 0 0 0 0 0 0 0 0 0
0 0 0 1 0 0 0 0 1 0 0 1 0 0 0 0 0 0 0 0
0 0 2 0 0 0 0 0 0 0 97 0 0 16 6 0 4 0 0 0
0 0 1 0 0 0 0 0 0 0 1 15 3 0 0 0 0 0 0 0
1 0 0 0 0 0 0 0 0 0 1 1 1 0 0 0 0 0 0 0
0 0 0 0 0 0 0 0 0 0 11 0 0 2 4 1 0 0 0 1
0 0 0 0 0 0 0 0 0 0 3 1 0 0 261 20 4 0 0 0
0 0 0 0 0 0 0 0 0 0 3 1 0 1 15 1 0 1 0 0
0 0 0 0 0 0 0 0 0 0 3 0 0 0 2 0 26 3 0 0
0 0 0 0 0 0 0 0 0 0 3 0 0 0 1 0 0 0 0 0
1 0 0 0 0 0 0 0 0 0 0 0 0 0 0 0 0 0 0 0
0 0 0 0 0 0 0 0 0 0 0 0 0 0 0 0 0 0 0 0
