P1 FAIL P1 OK P2 FAIL P2 OK P3 FAIL P3 OK P4 FAIL P4 OK P5 FAIL P5 OK P6 FAIL P7 FAIL P8 FAIL P7 OK P9 FAIL P9 OK P8 OK START END 
1169 170 0 0 0 0 0 0 0 0 0 0 0 0 0 0 0 0 0
169 34 1 0 0 0 0 0 0 0 0 0 0 0 0 0 0 0 0
0 0 4 1 1 0 0 0 0 0 0 0 0 0 0 0 0 0 0
0 0 1 0 0 0 0 0 0 0 0 0 0 0 0 0 0 0 0
0 0 0 0 84 17 1 0 1 0 0 0 0 0 0 0 0 0 0
0 0 0 0 17 5 0 0 0 0 0 0 0 0 0 0 0 0 0
0 0 0 0 1 0 15 1 0 0 0 0 0 0 0 0 0 0 0
0 0 0 0 0 0 0 1 1 0 0 0 0 0 0 0 0 0 0
0 0 0 0 0 0 0 0 302 35 1 1 0 0 0 0 0 0 0
0 0 0 0 0 0 1 0 32 0 0 2 0 0 0 0 0 0 0
0 0 0 0 0 0 0 0 0 0 2 1 0 0 0 0 0 0 0
0 0 0 0 0 0 0 0 1 0 0 114 1 29 1 0 0 0 0
0 0 0 0 0 0 0 0 1 0 0 1 183 0 1 0 39 0 0
0 0 0 0 0 0 0 0 1 0 0 22 5 6 1 0 0 0 0
0 0 0 0 0 0 0 0 0 0 0 1 1 0 185 33 0 0 0
0 0 0 0 0 0 0 0 0 0 0 2 1 0 29 8 0 0 1
0 0 0 0 0 0 0 0 0 0 0 2 34 0 3 0 6 0 0
1 0 0 0 0 0 0 0 0 0 0 0 0 0 0 0 0 0 0
0 0 0 0 0 0 0 0 0 0 0 0 0 0 0 0 0 0 0
