P1 FAIL P1 OK P2 FAIL P2 OK P3 FAIL P3 OK P4 FAIL P5 FAIL P5 OK P6 FAIL P6 OK P7 FAIL P7 OK P8 FAIL P8 OK P9 FAIL P9 OK P4 OK START END 
213 29 3 0 0 0 0 0 0 0 0 0 0 0 0 0 0 0 0 0
27 7 1 0 0 0 0 0 0 0 0 1 0 0 0 0 0 0 0 0
2 0 55 6 1 0 0 0 0 1 0 1 0 0 0 1 0 0 0 0
0 0 3 0 3 0 0 0 0 0 0 0 0 0 0 0 0 0 0 0
0 0 1 0 3 12 0 0 0 0 0 2 0 0 0 0 0 0 0 0
0 0 0 0 4 2 4 0 0 1 0 4 0 0 0 0 0 0 0 0
0 0 0 0 0 0 0 1 0 0 0 0 0 0 0 0 0 3 0 0
0 0 1 0 0 0 0 11 4 0 0 0 0 0 0 0 0 0 0 0
0 0 0 0 1 0 0 1 1 2 0 1 0 0 0 0 0 0 0 0
0 0 0 0 0 0 0 0 1 1 5 3 0 0 0 0 0 0 0 0
0 0 0 0 0 0 0 0 0 2 0 0 1 2 0 0 0 0 0 1
0 0 0 0 1 0 0 0 0 1 1 113 16 20 0 3 0 0 0 0
0 0 1 0 2 1 0 1 0 0 0 10 1 1 0 1 0 0 0 0
0 0 0 0 1 0 0 0 0 0 0 13 0 220 12 3 0 0 0 0
1 0 0 0 1 0 0 0 0 1 0 5 0 4 1 0 0 0 0 0
0 0 2 0 1 0 0 0 0 0 0 2 0 2 0 17 2 0 0 0
1 0 0 0 0 0 0 0 0 0 0 0 0 0 0 1 1 0 0 0
0 0 0 0 0 0 0 2 0 1 0 0 0 0 0 0 0 0 0 0
1 0 0 0 0 0 0 0 0 0 0 0 0 0 0 0 0 0 0 0
0 0 0 0 0 0 0 0 0 0 0 0 0 0 0 0 0 0 0 0
