P1 FAIL P1 OK P2 FAIL P2 OK P3 FAIL P3 OK P5 FAIL P5 OK P4 FAIL P4 OK P6 FAIL P6 OK P7 FAIL P7 OK P8 FAIL P8 OK P9 FAIL P9 OK START END 
645 182 0 0 0 0 0 0 0 0 0 0 0 0 0 0 0 0 0 0
177 86 5 0 0 0 0 0 0 0 0 0 0 0 0 0 0 0 0 0
1 0 182 46 2 0 0 0 1 0 0 0 0 0 0 0 0 0 0 0
3 0 40 14 3 0 0 0 0 0 0 0 0 0 0 0 0 0 0 0
0 0 3 0 316 71 0 0 0 0 0 0 1 0 0 0 0 0 0 0
0 0 0 0 68 20 1 0 2 0 0 0 0 0 0 0 0 0 0 0
0 0 0 0 0 0 137 48 1 0 0 0 0 0 0 0 0 0 0 0
0 0 1 0 1 0 41 17 1 0 4 0 0 0 0 0 0 0 0 0
0 0 0 0 0 0 0 0 30 10 1 0 0 0 0 0 0 0 0 0
0 0 0 0 0 0 4 0 6 7 0 0 0 0 0 0 0 0 0 0
0 0 0 0 0 0 0 0 0 0 133 47 1 0 0 0 0 0 0 0
0 0 1 0 1 0 3 0 0 0 39 22 2 0 1 0 0 0 0 0
0 0 0 0 0 0 0 0 0 0 1 0 92 21 0 0 0 0 0 0
0 0 0 0 0 0 0 0 0 0 3 0 18 6 0 0 0 0 0 0
0 0 0 0 0 0 0 0 0 0 0 0 0 0 24 5 1 0 0 0
0 0 0 0 0 0 0 0 0 0 0 0 0 0 5 1 0 0 0 0
0 0 0 0 0 0 0 0 0 0 0 0 0 0 0 0 67 12 0 1
0 0 0 0 0 0 0 0 0 0 0 0 0 0 0 0 12 0 0 0
1 0 0 0 0 0 0 0 0 0 0 0 0 0 0 0 0 0 0 0
0 0 0 0 0 0 0 0 0 0 0 0 0 0 0 0 0 0 0 0
