P1 FAIL P1 OK P2 FAIL P3 FAIL P4 FAIL P5 FAIL P6 FAIL P6 OK P2 OK P7 FAIL P3 OK P5 OK P7 OK P8 FAIL P9 FAIL P8 OK P4 OK START END 
71 10 3 0 0 0 0 0 0 0 0 0 0 0 0 0 0 0 0
10 2 0 0 0 0 0 0 0 0 0 0 0 0 0 0 0 0 0
2 0 54 1 0 0 1 0 5 2 0 0 0 1 0 0 0 0 0
0 0 0 10 1 0 0 0 0 0 4 0 0 1 0 0 0 0 0
0 0 0 0 0 1 0 0 0 0 0 0 0 0 0 0 2 0 0
0 0 0 0 0 2 3 0 0 0 0 4 0 0 0 0 0 0 0
0 0 3 0 0 1 60 3 0 0 0 0 0 1 0 0 0 0 1
0 0 0 0 0 1 1 0 0 1 0 0 0 0 0 0 0 0 0
0 0 2 2 0 0 1 0 0 0 0 0 0 0 0 0 0 0 0
0 0 1 0 0 0 0 0 0 7 0 0 2 2 0 1 0 0 0
0 0 1 1 1 1 0 0 0 0 0 0 0 0 0 0 0 0 0
0 0 0 0 1 2 1 0 0 0 0 0 0 0 0 0 0 0 0
0 0 0 0 0 0 0 0 0 1 0 0 0 0 0 1 0 0 0
0 0 0 1 0 0 1 0 0 1 0 0 0 88 5 3 0 0 0
0 0 2 0 0 0 0 0 0 0 0 0 0 4 127 0 0 0 0
0 0 0 0 0 0 1 0 0 1 0 0 0 2 1 0 0 0 0
0 0 0 1 0 1 0 0 0 0 0 0 0 0 0 0 0 0 0
1 0 0 0 0 0 0 0 0 0 0 0 0 0 0 0 0 0 0
0 0 0 0 0 0 0 0 0 0 0 0 0 0 0 0 0 0 0
